19 1
3 1 1 1 0 1 0 1 1 1 2 0 1 0 0 0 0 0 1 
4 20
1 1 1 0 
0 0 1 1 
1 1 0 0 
1 0 1 0 
0 0 0 0 
1 0 1 0 
1 1 0 1 
1 0 1 0 
0 0 0 1 
0 0 1 0 
0 1 0 0 
1 1 1 0 
1 1 1 1 
1 1 1 0 
1 1 1 0 
1 1 0 1 
0 1 0 0 
0 1 2 1 
0 0 1 0 
3 0 0 0 
20 11
0 0 0 1 1 1 0 1 1 0 0 2 0 0 1 1 1 1 1 1 
1 0 1 0 1 0 0 0 1 1 1 0 0 1 0 1 1 0 1 1 
1 0 0 0 0 1 1 0 0 1 1 1 1 0 0 1 1 0 1 1 
1 0 1 1 1 1 1 0 1 0 1 1 0 1 1 0 0 1 1 0 
1 0 1 1 0 0 1 1 0 1 0 0 0 1 1 1 0 0 1 0 
1 0 0 1 0 0 0 1 0 0 0 0 1 1 1 1 1 1 1 1 
0 1 0 0 0 1 0 1 0 3 1 1 1 0 0 0 1 0 1 1 
1 1 1 0 0 1 0 0 1 0 0 0 1 0 1 0 0 0 0 0 
0 0 1 0 0 1 1 1 0 1 0 0 1 0 1 1 1 0 0 0 
1 0 1 0 1 0 0 1 1 1 1 1 1 1 0 1 1 1 1 0 
0 1 1 0 0 0 0 0 0 1 0 0 1 0 0 1 1 1 0 0 
11 11
0 0 0 1 0 0 1 1 0 0 0 
1 1 0 0 0 0 0 0 1 0 1 
1 1 0 0 1 0 1 1 1 0 0 
1 0 0 0 1 0 1 0 0 0 0 
0 1 1 0 0 1 1 1 1 1 1 
0 0 1 0 0 0 1 1 1 1 0 
0 0 0 0 0 0 0 0 1 1 2 
1 0 1 1 1 1 1 1 1 1 1 
0 0 1 1 1 1 1 1 1 1 0 
0 0 0 1 1 1 3 0 0 0 1 
1 1 1 0 1 0 1 0 1 0 1 
4 18
1 1 0 1 
1 1 1 0 
1 0 1 3 
1 1 0 1 
0 0 0 0 
0 2 0 1 
0 0 0 0 
1 0 1 0 
1 0 0 0 
1 1 1 1 
0 0 1 1 
1 1 1 0 
1 1 1 1 
1 0 0 1 
1 0 0 1 
0 0 1 0 
1 1 1 1 
0 0 0 0 
5 19
0 1 0 1 0 
0 1 0 1 1 
1 1 1 0 1 
1 0 0 1 0 
1 0 0 0 1 
0 0 1 0 1 
0 1 1 1 1 
0 1 1 1 0 
0 1 0 0 1 
0 1 0 1 0 
1 0 0 1 1 
1 1 3 0 0 
0 0 0 0 1 
0 1 0 1 1 
1 1 0 0 1 
0 1 1 0 1 
0 1 0 0 1 
1 1 0 0 1 
1 0 2 1 1 
19 13
1 0 0 0 1 1 1 0 0 0 1 1 0 0 0 1 0 0 1 
1 1 1 1 1 1 1 1 0 1 1 0 1 0 0 0 0 1 1 
1 0 0 0 0 0 0 1 1 0 0 1 1 1 0 1 0 1 0 
1 0 0 0 1 1 0 0 0 0 0 0 0 0 1 0 0 1 1 
1 1 0 1 0 0 1 1 0 1 1 1 0 1 0 0 0 0 0 
0 1 1 0 0 0 0 0 0 1 1 0 0 1 1 1 1 1 1 
0 1 1 1 1 0 1 1 0 1 0 0 0 0 1 0 0 1 1 
0 0 0 0 1 0 0 1 0 0 1 1 0 1 0 0 1 1 0 
0 0 0 0 0 0 0 1 0 0 0 0 1 0 1 0 0 1 1 
2 1 1 1 0 1 1 1 0 1 0 1 1 0 1 1 0 1 1 
1 1 0 0 0 1 1 0 0 3 1 0 0 0 0 0 0 0 0 
0 1 1 1 0 0 1 1 0 0 1 0 0 1 0 0 1 1 0 
1 1 1 1 1 0 1 1 0 0 0 1 1 1 0 0 0 0 0 
4 8
1 0 0 0 
0 1 0 3 
0 0 1 0 
1 0 1 1 
2 0 0 0 
1 0 0 0 
0 1 0 0 
1 1 0 0 
16 7
0 1 1 0 1 1 0 1 1 0 0 0 0 0 0 0 
0 1 0 1 0 0 0 1 1 1 0 0 0 0 1 0 
1 0 1 0 0 0 1 1 0 0 0 1 0 1 0 0 
1 0 1 0 1 1 1 1 1 1 1 0 0 0 0 0 
1 1 1 0 0 0 1 1 1 0 1 1 0 1 0 0 
0 2 0 1 1 0 1 1 1 1 1 1 1 1 1 1 
1 0 0 1 1 1 3 1 0 1 0 0 0 0 0 0 
9 6
0 0 1 2 0 1 1 0 0 
1 1 0 0 1 1 1 0 0 
1 0 0 1 1 0 0 1 1 
0 3 0 0 0 1 0 0 1 
1 1 1 0 0 1 0 0 0 
1 0 1 0 0 0 1 1 0 
14 14
1 0 0 1 0 1 0 0 1 0 0 1 1 1 
0 0 1 1 0 1 1 1 0 1 3 0 1 0 
0 1 0 1 1 0 0 0 0 1 0 0 1 1 
0 1 1 1 0 0 0 0 0 0 0 1 1 0 
0 1 0 1 1 1 1 0 0 1 1 0 0 0 
0 1 1 1 1 0 1 0 1 1 0 0 1 0 
1 0 1 1 1 1 0 1 1 0 1 1 0 1 
1 1 0 0 1 1 1 1 0 0 0 1 0 0 
0 0 1 1 0 0 0 1 1 0 1 1 1 1 
0 0 0 0 0 0 0 0 1 0 1 0 1 1 
0 1 1 1 0 0 0 1 1 2 1 0 0 0 
0 1 1 1 1 1 1 1 1 1 0 0 1 0 
0 1 0 0 0 1 1 0 0 0 1 0 1 1 
0 0 1 1 0 1 0 0 0 0 1 0 1 0 
20 8
1 1 1 1 0 1 1 0 1 0 1 1 0 0 0 0 0 0 0 0 
0 1 1 0 1 1 1 1 0 1 1 0 1 0 3 0 0 0 0 0 
0 0 0 1 0 0 1 1 0 1 1 1 1 1 1 0 0 1 2 0 
1 0 0 0 1 1 1 1 0 0 0 0 1 1 1 1 0 0 1 0 
1 1 0 0 1 0 1 0 0 0 1 1 0 0 1 1 0 1 1 0 
0 1 0 1 1 1 0 0 1 1 0 0 0 0 0 0 0 1 0 0 
0 1 1 0 0 1 0 0 1 0 1 1 0 0 0 1 1 1 1 0 
0 0 1 1 1 0 1 1 1 0 0 1 0 1 1 0 0 0 0 0 
2 4
0 0 
0 2 
1 1 
0 3 
12 11
1 1 0 0 0 0 0 0 0 1 0 0 
1 0 0 0 1 1 0 0 0 1 1 0 
0 0 1 0 0 0 0 1 0 1 0 0 
1 0 1 0 0 0 0 1 1 1 0 0 
1 1 0 0 1 0 0 0 1 0 0 1 
1 1 0 0 0 0 0 1 1 0 1 0 
0 1 1 0 1 1 1 0 1 0 1 0 
0 1 1 0 1 0 0 0 0 0 1 0 
0 1 2 0 0 0 0 1 0 3 0 1 
0 0 1 0 1 1 1 0 0 0 0 1 
1 0 1 0 1 0 0 0 1 0 0 1 
8 1
1 3 0 1 0 1 0 2 
16 9
1 1 1 1 0 0 1 0 1 1 0 0 0 0 0 0 
0 1 1 0 0 1 1 1 1 0 0 0 0 1 1 0 
0 1 1 0 1 1 0 1 0 1 1 0 1 1 1 0 
1 0 0 1 1 1 1 0 0 0 1 0 0 1 1 0 
0 1 0 1 0 1 1 1 0 0 0 1 0 1 0 0 
0 0 1 0 0 1 0 1 1 0 1 1 0 1 1 1 
1 0 1 0 0 0 1 0 1 0 1 0 2 0 1 0 
0 1 0 1 1 0 1 0 0 1 1 1 1 0 1 0 
1 1 1 0 0 1 0 0 0 0 1 1 0 1 1 3 
9 1
1 1 3 1 2 1 1 0 0 
7 10
0 0 0 0 1 0 0 
1 1 1 1 0 0 1 
1 1 0 1 0 0 0 
0 1 1 0 0 1 0 
1 1 0 1 1 1 0 
0 0 1 0 1 1 0 
1 0 0 0 0 2 1 
0 1 0 0 0 1 0 
0 1 1 0 1 0 0 
3 0 0 1 1 1 0 
16 11
1 0 1 0 0 1 0 1 1 1 1 1 1 0 1 1 
0 0 1 1 1 1 0 1 0 0 1 0 1 1 0 1 
1 0 1 0 0 1 1 1 1 1 0 1 1 1 0 0 
1 1 0 0 0 0 0 1 1 0 0 0 0 0 0 1 
0 0 0 0 1 0 1 1 0 1 0 1 1 1 1 1 
1 1 1 0 1 0 0 0 1 0 1 1 0 1 0 0 
1 0 1 0 0 1 0 1 1 1 1 0 1 1 1 1 
0 1 3 1 0 1 0 1 1 1 0 0 0 1 0 0 
0 0 1 1 1 0 0 1 1 1 0 0 1 2 1 0 
0 1 1 0 0 0 1 1 1 1 1 1 1 1 1 1 
1 0 0 1 1 1 1 1 1 1 1 1 0 1 0 0 
2 16
1 1 
1 1 
0 0 
0 1 
0 0 
0 1 
1 1 
3 1 
1 1 
1 0 
0 1 
1 0 
1 1 
1 2 
1 0 
1 1 
9 3
1 1 0 1 2 1 0 1 0 
1 0 0 0 0 1 3 0 0 
0 1 1 0 1 1 1 0 1 
16 15
0 1 0 0 0 0 0 1 1 0 1 0 1 1 0 0 
0 1 1 1 1 0 0 1 0 1 1 0 0 0 0 1 
0 1 0 1 1 1 0 1 0 0 1 0 1 0 1 1 
1 0 1 0 1 0 0 1 0 1 0 0 0 0 0 0 
0 1 0 1 1 0 0 0 0 0 0 0 1 0 0 1 
0 1 0 0 0 0 0 1 1 0 0 1 1 1 0 1 
1 1 0 0 1 1 1 0 1 1 1 1 0 1 1 1 
0 1 1 0 1 1 0 1 1 1 1 1 1 1 0 0 
1 1 1 0 1 1 1 1 0 1 0 1 1 1 1 1 
2 0 1 1 0 0 1 1 1 1 1 1 1 0 1 1 
1 0 0 0 0 1 1 1 0 0 1 0 0 0 1 1 
0 0 1 0 1 0 1 1 1 1 0 1 1 1 0 1 
0 1 1 0 1 0 1 1 0 1 3 1 0 1 1 1 
0 0 0 0 1 0 1 0 1 0 0 0 1 0 1 1 
0 1 0 0 1 0 0 1 1 1 0 1 0 1 0 0 
13 13
0 1 3 0 1 1 1 0 1 0 0 1 0 
0 1 0 1 1 1 0 1 1 0 1 0 0 
0 1 0 1 0 0 0 0 1 1 1 0 0 
1 0 1 0 0 0 0 0 1 0 1 1 0 
1 1 0 1 0 1 1 1 1 0 1 0 1 
0 0 1 0 0 0 0 0 1 0 1 0 1 
1 0 1 0 0 0 1 0 1 0 0 1 1 
1 1 2 1 1 1 0 0 1 0 0 1 0 
1 0 1 1 1 0 0 1 0 1 1 1 1 
1 1 1 1 1 1 0 1 1 0 1 1 0 
1 1 1 1 0 1 1 0 0 1 1 1 1 
1 1 0 0 1 1 1 1 1 1 0 1 0 
1 0 1 0 0 0 0 1 1 1 0 0 1 
16 12
1 1 0 1 0 0 0 1 1 0 0 0 0 0 1 1 
1 1 0 1 0 1 0 1 1 1 0 1 0 1 1 1 
1 0 3 1 0 0 0 1 1 0 1 0 0 0 0 1 
1 1 1 0 0 0 0 1 1 0 0 1 2 0 0 1 
0 1 1 0 1 1 0 1 0 0 1 0 1 0 0 0 
0 1 0 0 0 0 0 1 1 1 1 0 1 0 0 1 
0 0 1 0 1 0 0 0 0 1 0 0 0 0 0 0 
1 0 0 0 1 1 0 1 0 1 0 0 1 1 0 0 
0 0 0 1 1 1 1 0 1 0 1 0 0 1 1 0 
0 1 1 0 1 0 1 0 1 1 0 1 1 1 1 1 
0 0 0 1 1 0 1 1 1 1 0 0 0 1 0 0 
0 1 0 1 0 1 1 1 1 1 0 1 1 1 1 0 
9 8
0 0 0 1 0 1 1 0 0 
1 1 1 0 0 1 1 0 0 
1 0 0 1 1 0 1 1 1 
1 1 1 0 0 1 1 1 0 
0 1 1 0 0 0 1 0 0 
0 1 1 0 1 0 1 0 1 
3 0 0 0 0 1 0 2 1 
1 1 0 0 1 0 1 0 1 
7 13
0 0 1 1 0 0 1 
1 0 0 0 1 0 0 
0 1 0 1 1 1 2 
0 0 1 1 1 1 0 
1 0 1 0 0 0 0 
0 0 0 1 1 0 0 
1 0 0 1 0 0 1 
1 1 1 0 1 1 1 
1 0 1 1 1 0 0 
1 0 0 1 1 0 1 
1 3 1 0 1 0 0 
1 0 1 0 0 0 1 
0 1 1 0 0 1 0 
9 4
0 1 0 0 0 0 1 0 1 
0 1 1 1 1 1 0 0 0 
1 3 0 1 0 0 0 0 1 
2 0 1 1 1 0 1 0 1 
7 10
0 0 0 1 1 0 1 
0 1 1 1 0 0 1 
0 1 0 1 1 0 0 
0 0 0 0 0 0 1 
0 1 0 0 1 0 1 
1 2 0 0 3 0 0 
1 1 0 1 0 1 0 
0 1 1 1 0 1 1 
0 0 1 0 0 0 0 
1 1 1 1 0 1 1 
7 10
0 1 1 0 1 1 0 
1 1 0 0 1 1 0 
1 1 1 0 0 0 0 
1 1 0 1 1 1 1 
0 0 1 3 1 0 1 
0 1 0 0 0 0 1 
0 0 1 0 1 0 1 
1 0 1 1 1 0 0 
0 1 0 1 1 1 1 
1 0 1 1 2 1 0 
6 19
0 1 0 0 1 0 
1 1 1 0 0 1 
1 1 1 1 1 0 
1 0 3 1 0 0 
0 0 1 0 1 0 
0 0 1 0 1 1 
1 1 0 0 0 0 
1 1 0 0 0 0 
0 1 0 1 1 1 
0 0 0 0 1 0 
0 0 0 1 0 0 
1 1 1 1 0 1 
0 1 0 0 0 1 
0 1 1 1 1 0 
1 0 1 0 0 1 
1 0 0 0 0 1 
1 2 1 1 1 0 
0 0 1 1 1 1 
0 1 1 0 1 1 
19 13
0 0 1 2 1 1 0 0 0 1 0 1 0 0 0 1 0 1 0 
0 1 1 0 0 1 0 1 1 0 1 1 1 1 0 0 1 1 0 
1 1 0 1 0 0 1 1 0 1 1 1 0 0 1 1 0 0 1 
1 0 1 1 0 1 1 1 0 0 0 0 1 0 0 1 1 1 0 
1 0 0 0 1 1 1 1 0 0 0 1 0 1 1 0 0 0 0 
1 1 0 0 1 0 0 0 1 1 0 1 0 0 1 1 0 0 1 
1 1 1 0 0 1 1 1 1 0 1 0 0 1 1 1 1 0 1 
0 1 1 1 1 0 1 0 0 1 1 0 0 1 1 1 1 0 0 
1 0 0 0 0 0 0 0 1 0 1 1 1 1 1 0 0 0 0 
1 1 0 1 1 0 0 0 0 0 0 0 1 0 0 1 1 3 0 
0 0 0 1 0 1 1 0 1 0 1 0 0 1 0 0 0 1 0 
0 0 1 0 1 1 1 1 1 0 0 0 0 0 1 1 1 1 1 
1 1 0 0 0 0 1 0 1 1 0 0 0 1 1 1 1 1 0 
17 5
0 0 1 0 1 1 0 0 0 0 1 1 0 1 0 1 0 
1 0 0 1 0 0 1 0 1 0 1 1 1 2 0 1 0 
1 0 1 1 0 1 1 0 1 1 0 0 1 1 1 0 0 
0 1 0 0 1 1 0 1 0 0 0 3 1 0 0 1 1 
0 1 0 0 1 0 0 1 1 0 0 1 1 0 1 0 1 
17 11
0 0 1 1 0 0 0 1 1 0 1 1 0 1 1 1 1 
0 1 1 0 1 1 0 1 1 0 0 0 0 1 1 1 1 
1 1 0 1 0 0 0 1 0 0 1 0 1 1 1 1 1 
0 0 1 1 0 0 1 0 0 1 1 1 0 0 0 1 0 
0 1 0 0 1 0 1 0 1 0 1 1 0 0 1 0 1 
1 0 0 0 1 0 1 0 1 0 1 0 0 0 0 1 0 
0 0 0 0 2 0 0 1 0 1 1 0 1 0 1 1 1 
1 0 0 1 1 0 1 1 0 0 0 0 0 1 1 1 0 
0 0 0 0 1 0 0 1 1 1 0 0 1 0 1 0 1 
0 0 0 0 0 0 1 0 1 0 1 1 0 1 1 1 0 
0 3 1 0 0 1 1 0 0 0 0 1 0 0 1 1 0 
14 19
0 1 1 1 1 1 0 0 1 0 1 0 0 1 
0 0 1 1 0 0 0 0 0 0 1 1 0 1 
0 1 0 0 1 1 1 1 0 1 1 0 1 1 
0 0 0 1 0 1 0 1 0 0 0 1 1 0 
1 0 1 0 1 1 0 1 0 0 0 1 1 0 
1 0 0 1 0 1 1 1 1 1 0 1 1 0 
0 0 1 1 1 1 1 1 0 1 0 0 1 1 
1 0 1 1 0 1 1 0 1 1 0 2 0 1 
1 0 1 1 1 0 1 1 0 0 1 1 1 1 
1 0 1 0 1 0 1 0 3 0 1 1 1 1 
0 1 0 0 1 0 1 0 1 0 0 1 1 1 
1 1 1 1 0 0 0 0 0 1 1 1 1 1 
0 1 1 1 0 1 0 1 1 1 1 1 0 1 
0 1 1 0 1 1 0 1 1 0 0 1 0 0 
1 1 0 0 1 1 0 0 0 1 0 0 1 0 
1 1 0 0 1 0 0 0 0 1 0 0 0 0 
1 0 1 0 0 0 0 1 1 1 1 0 1 0 
0 0 0 0 1 1 0 0 0 0 1 1 1 1 
0 1 1 1 0 1 0 1 0 1 1 0 0 0 
4 19
0 1 1 0 
1 0 1 1 
1 1 0 1 
2 1 1 0 
1 0 1 1 
1 0 0 1 
0 1 1 1 
0 0 0 1 
1 1 0 1 
1 0 0 0 
1 0 0 1 
0 1 0 3 
0 1 0 1 
1 0 1 1 
0 0 0 0 
0 0 0 1 
0 0 1 0 
1 1 1 0 
1 1 1 1 
2 19
0 1 
0 1 
0 1 
0 1 
1 0 
1 1 
3 0 
0 1 
0 1 
0 0 
0 0 
0 1 
0 0 
0 1 
1 0 
1 0 
0 1 
0 0 
0 2 
8 14
1 1 0 0 3 1 1 0 
1 1 0 1 0 1 0 0 
1 1 0 1 0 0 1 1 
1 0 0 0 1 1 1 0 
0 0 0 0 1 1 1 1 
1 1 0 1 0 1 0 1 
0 1 0 1 0 0 1 0 
1 0 0 0 0 0 1 1 
1 0 0 2 1 1 1 0 
1 0 0 0 0 1 0 1 
0 1 1 0 1 0 1 0 
0 0 1 1 1 1 0 1 
1 1 1 0 1 1 0 0 
0 0 0 1 1 1 0 0 
12 18
1 1 0 0 1 0 1 1 0 1 0 1 
0 1 1 0 0 1 0 0 0 1 1 0 
0 1 1 1 0 0 0 1 1 0 1 0 
0 1 1 0 1 1 1 1 0 1 0 0 
0 0 0 1 0 0 0 0 0 1 1 1 
0 0 1 0 1 0 0 1 0 1 1 1 
1 0 1 1 1 1 1 1 0 1 1 0 
0 0 0 0 1 0 0 1 0 0 1 1 
0 1 1 0 1 0 1 1 1 0 0 1 
1 1 1 0 0 0 0 1 0 0 0 1 
0 0 1 0 0 0 0 0 1 0 1 0 
1 0 1 1 1 1 0 0 1 1 0 0 
0 0 0 1 0 0 1 1 0 1 0 1 
1 1 0 1 0 1 0 0 1 1 0 0 
0 0 1 1 1 0 0 0 3 0 0 0 
1 0 0 2 1 0 0 0 0 0 0 0 
0 1 1 1 1 0 1 1 1 0 0 1 
0 1 1 0 0 0 0 1 1 1 0 1 
5 5
1 0 0 0 1 
0 3 1 1 1 
0 2 1 0 1 
1 1 1 1 0 
0 0 1 0 0 
4 6
1 1 0 0 
0 2 1 3 
1 0 1 1 
0 1 0 0 
0 0 1 1 
0 1 0 1 
6 15
0 1 1 1 0 0 
1 1 0 1 1 0 
0 1 0 2 0 0 
0 1 1 0 1 1 
1 1 1 0 0 0 
0 1 0 0 1 0 
0 1 1 0 1 0 
0 1 0 1 0 0 
0 0 0 1 1 0 
1 1 1 0 1 1 
1 1 1 1 1 3 
0 1 0 1 1 0 
0 1 1 0 1 0 
0 1 1 1 1 1 
1 0 0 1 1 1 
11 16
0 1 1 0 1 1 0 1 0 1 0 
0 0 1 1 1 0 0 0 1 0 0 
0 1 1 0 0 1 0 0 1 1 0 
1 0 0 0 0 0 1 0 1 1 0 
1 1 1 0 0 1 0 1 1 1 0 
0 1 0 0 1 1 1 1 1 0 0 
0 0 1 1 1 0 1 0 1 1 1 
0 1 1 0 1 0 1 0 1 0 0 
1 0 1 1 1 0 0 1 1 1 1 
1 0 0 1 1 0 1 0 1 0 1 
0 0 1 0 2 0 0 1 1 0 0 
0 1 0 1 1 1 1 1 1 0 0 
0 0 1 0 1 0 0 0 0 1 0 
1 0 1 1 0 1 0 1 1 1 1 
1 0 1 0 1 1 1 1 1 1 0 
0 0 1 0 3 0 1 0 0 1 0 
9 6
1 0 1 0 1 1 1 1 0 
0 1 1 0 1 0 0 0 0 
1 1 0 1 0 0 1 0 0 
1 1 0 0 3 1 0 0 1 
1 0 0 0 2 1 0 1 0 
0 0 1 0 1 0 0 1 0 
3 6
1 0 1 
1 1 0 
0 1 1 
0 1 0 
1 3 1 
0 2 0 
3 6
1 1 0 
0 1 1 
1 1 2 
3 0 0 
1 1 0 
0 1 1 
14 10
1 1 1 0 0 0 0 1 1 1 1 0 1 0 
1 1 0 0 1 1 0 1 1 1 1 0 1 0 
0 0 0 1 0 1 0 0 1 0 1 1 0 1 
1 0 0 0 1 2 1 1 1 1 1 0 0 0 
1 1 0 0 0 1 0 0 0 1 1 1 1 0 
0 0 1 0 0 0 1 3 1 0 0 1 0 1 
0 0 1 0 1 1 0 1 1 0 0 1 1 0 
1 0 0 1 0 1 1 0 1 1 1 0 1 0 
0 1 0 0 0 1 1 0 1 0 1 1 1 1 
1 1 0 0 0 1 0 1 0 0 0 0 1 1 
13 15
0 1 0 1 1 1 1 0 1 1 1 1 0 
0 0 0 0 0 1 1 0 1 1 0 1 1 
0 1 0 1 0 1 1 1 1 0 1 1 1 
0 1 0 0 1 0 0 0 1 0 0 1 0 
0 1 1 0 1 0 1 0 0 0 1 0 0 
1 0 0 1 1 1 0 0 0 0 1 0 1 
0 0 1 0 1 1 0 1 0 1 1 0 1 
0 0 1 0 0 1 1 0 0 1 0 0 1 
1 1 0 1 0 0 0 0 1 0 1 2 1 
0 0 0 0 1 1 0 0 0 0 1 1 1 
1 1 1 1 0 0 0 1 1 1 0 0 0 
1 0 0 1 0 0 1 1 1 0 1 0 1 
0 0 0 1 1 0 1 1 1 1 0 1 0 
1 1 0 1 0 1 0 0 1 1 0 1 3 
0 0 0 0 1 0 1 1 1 0 1 1 1 
2 7
0 0 
3 0 
0 1 
1 0 
0 2 
1 0 
0 0 
6 8
0 1 1 1 0 1 
0 0 1 1 1 1 
1 1 1 1 1 1 
1 1 0 1 0 1 
0 1 3 1 1 0 
1 0 1 1 1 1 
1 0 0 0 1 1 
1 1 0 0 0 2 
19 8
1 0 0 0 0 1 0 0 1 0 1 0 0 0 1 1 1 0 0 
0 1 1 0 0 0 1 1 1 1 0 0 0 0 1 0 0 1 0 
1 0 0 0 0 0 0 1 0 1 1 0 0 1 1 0 0 1 3 
1 1 0 0 1 0 1 1 0 0 1 0 0 0 1 1 0 0 1 
1 0 1 0 1 0 1 0 1 0 0 0 0 1 1 1 0 0 1 
0 1 0 0 0 0 1 0 0 0 1 0 1 0 0 0 1 1 0 
0 1 1 2 1 1 0 1 1 1 0 0 1 0 1 0 0 1 0 
1 1 0 1 1 1 0 1 0 0 1 0 1 1 1 0 0 1 1 
17 3
0 0 0 1 0 0 0 0 1 1 0 1 1 0 3 0 0 
1 0 1 0 0 0 1 0 0 1 0 2 1 0 1 1 1 
0 0 0 1 0 0 0 0 0 1 0 1 0 1 1 1 0 
7 3
0 1 0 1 1 1 1 
1 1 0 2 0 1 1 
0 0 3 0 0 1 0 
3 4
0 2 0 
0 1 0 
0 1 1 
1 1 3 
16 3
0 0 1 0 0 0 1 0 1 1 1 1 1 2 0 1 
1 0 1 0 1 0 1 0 0 0 1 1 0 1 0 0 
0 1 1 3 1 0 1 0 1 1 1 1 1 0 0 1 
19 18
1 0 1 0 0 1 0 0 0 0 0 0 0 1 0 1 0 1 1 
1 1 1 0 0 1 0 1 0 0 0 1 0 0 1 0 0 1 0 
1 1 0 1 0 0 1 0 1 1 1 0 0 0 0 1 1 0 0 
1 0 1 1 1 1 1 1 0 1 0 0 1 1 0 0 0 0 1 
1 1 0 1 0 1 0 1 0 1 0 1 1 1 1 1 0 1 1 
0 0 0 1 1 1 1 0 0 1 0 1 1 1 0 0 1 1 1 
1 1 1 0 0 1 0 0 1 0 1 0 0 1 0 0 1 0 1 
1 0 1 0 0 1 0 0 1 1 0 0 0 1 1 0 0 1 1 
1 1 1 1 1 1 1 0 1 1 0 1 1 0 1 0 0 0 1 
1 1 1 1 1 1 0 0 0 0 1 1 0 1 0 1 1 1 0 
1 0 1 1 1 0 0 1 0 0 0 0 0 0 0 0 0 0 0 
0 1 1 1 1 1 0 0 1 0 0 1 0 1 2 1 1 0 1 
0 0 0 0 0 1 0 1 0 0 1 1 1 0 1 0 0 0 0 
1 1 0 1 1 1 1 0 1 0 0 0 0 1 1 1 0 1 1 
1 1 1 0 0 1 1 1 1 1 1 0 1 0 1 0 0 1 1 
0 0 1 1 1 0 1 0 1 0 1 0 0 0 1 0 1 1 0 
3 1 1 0 0 1 0 0 0 0 0 1 1 1 1 0 0 1 1 
0 0 0 1 1 0 1 1 1 1 0 1 0 0 1 1 1 0 0 
15 3
1 1 0 0 1 0 1 0 0 1 1 1 2 0 0 
0 1 0 1 0 0 1 0 0 0 1 1 1 1 0 
1 1 3 1 1 1 0 0 1 1 0 0 1 0 1 
20 3
1 1 1 1 1 0 1 0 1 1 1 0 1 1 1 0 1 0 0 0 
1 0 0 1 0 0 1 0 1 1 0 1 1 1 1 0 1 0 1 0 
1 0 0 1 1 2 0 1 0 1 1 0 0 1 1 1 0 1 3 1 
3 10
1 1 0 
1 1 1 
1 3 0 
0 2 1 
0 1 0 
0 1 0 
1 0 1 
1 1 1 
0 0 0 
0 1 0 
14 1
0 0 0 0 2 1 0 1 1 0 3 0 1 1 
16 15
0 1 0 1 1 0 1 1 1 1 0 1 1 0 0 0 
1 0 0 2 1 0 1 0 0 0 0 1 1 1 0 1 
0 0 1 0 1 0 0 1 1 1 1 0 1 0 0 1 
0 0 0 1 0 0 0 1 0 1 0 1 1 0 0 0 
1 1 0 0 1 1 0 1 0 0 0 1 1 0 0 1 
1 1 0 1 1 0 1 0 0 1 1 0 1 1 0 1 
1 0 0 1 1 0 0 1 1 0 0 3 0 1 0 0 
0 1 1 1 1 0 1 0 0 0 1 1 1 1 1 1 
1 1 0 0 1 1 1 1 1 0 1 0 0 1 1 1 
1 0 1 0 1 0 0 1 1 0 0 1 1 0 1 0 
0 0 1 0 1 1 0 1 1 1 1 1 0 0 0 1 
1 1 1 0 0 1 1 0 1 0 1 1 1 1 1 1 
1 0 1 0 1 1 1 0 1 0 1 1 0 0 0 0 
0 0 0 1 0 0 0 1 0 1 0 1 1 0 1 0 
0 0 1 1 1 0 0 1 0 0 1 0 1 1 0 0 
18 12
1 0 0 1 0 0 1 0 0 1 1 0 0 1 0 0 2 0 
0 0 1 0 1 1 1 1 1 0 0 1 1 0 0 1 0 1 
0 0 1 0 0 0 1 0 0 0 1 1 3 1 0 1 1 1 
0 0 0 0 1 1 1 1 1 1 0 1 0 1 1 0 1 1 
0 1 1 1 0 1 1 1 1 0 1 0 1 1 0 0 1 1 
1 0 1 0 0 1 1 0 1 0 0 1 1 0 0 1 0 0 
0 1 0 1 1 0 1 1 1 1 0 0 0 0 0 1 1 1 
1 1 1 0 0 0 0 0 1 0 0 1 1 1 1 1 1 1 
0 0 0 1 1 0 0 0 0 0 0 1 1 0 0 1 0 0 
1 0 0 1 1 0 0 1 1 1 1 0 0 1 1 1 0 0 
0 1 1 0 0 1 1 1 0 0 0 0 1 0 0 0 1 0 
0 1 1 1 0 0 0 1 0 0 0 1 0 1 0 1 0 0 
11 20
0 0 1 0 1 0 1 0 1 1 0 
0 1 0 0 1 1 0 0 0 1 0 
1 1 0 0 0 0 0 0 0 0 1 
1 1 1 0 1 0 1 1 0 0 1 
1 1 0 0 0 1 0 1 0 0 0 
1 1 1 1 0 0 1 1 1 0 1 
0 0 1 0 0 1 0 0 0 0 0 
1 1 0 0 0 0 1 0 1 0 0 
1 1 1 0 0 1 0 0 0 0 1 
1 1 0 1 0 0 1 0 1 1 0 
0 0 0 1 1 1 0 0 0 1 1 
0 0 0 1 1 0 1 0 1 1 0 
0 1 0 0 0 0 0 1 0 0 1 
1 1 1 1 1 1 0 0 1 1 0 
1 1 0 1 0 1 1 1 0 1 0 
0 1 1 0 0 1 1 1 1 1 1 
1 0 0 0 0 0 3 0 0 1 0 
0 1 1 0 0 1 0 1 0 1 1 
0 0 1 1 1 1 1 0 1 1 1 
0 0 0 2 0 1 1 0 0 1 1 
19 10
1 1 2 1 0 0 1 1 1 1 0 0 1 1 0 1 1 1 0 
1 0 0 1 1 0 0 0 0 1 1 1 0 0 1 3 1 1 1 
0 1 1 1 0 0 0 0 0 1 1 0 1 1 1 1 0 1 0 
1 1 1 0 0 1 0 0 0 0 0 0 1 1 0 0 1 0 1 
1 0 0 0 1 1 0 1 0 0 0 1 0 1 1 1 1 0 1 
0 0 1 1 0 1 0 0 1 1 0 1 0 1 0 1 1 1 1 
0 1 0 0 1 1 0 1 1 0 0 1 1 1 1 0 1 0 1 
0 0 0 0 0 0 0 0 1 1 1 1 0 0 0 0 0 1 0 
1 0 0 0 0 0 1 0 1 1 1 1 0 1 0 1 1 0 0 
1 1 1 1 0 1 0 1 1 0 0 1 1 1 0 0 0 0 0 
5 3
2 1 1 0 0 
1 0 0 0 1 
1 3 0 1 0 
17 16
1 1 1 0 1 0 0 0 1 0 0 1 1 1 0 0 0 
1 1 0 0 1 1 1 1 0 1 0 1 0 0 1 1 0 
0 0 0 1 0 1 0 0 0 1 1 1 0 0 1 1 1 
0 1 0 1 0 0 1 1 1 0 1 1 1 0 1 1 1 
1 0 1 1 1 1 0 0 1 1 1 1 1 1 1 3 0 
0 1 1 1 1 1 0 0 1 1 1 0 1 0 0 1 0 
1 1 0 0 0 1 1 1 0 0 0 0 1 0 0 0 0 
0 1 1 0 0 1 0 0 1 1 0 1 1 0 0 0 1 
0 0 0 0 0 1 1 0 0 0 1 1 1 0 0 0 0 
0 0 1 1 0 0 1 1 0 0 1 1 0 0 1 0 0 
0 1 1 0 0 1 1 1 1 0 1 0 1 1 1 0 0 
0 0 1 0 0 0 2 1 1 1 0 0 1 0 1 0 1 
0 0 1 1 1 0 0 0 1 0 0 0 1 0 1 1 1 
1 0 1 0 1 0 0 1 1 0 1 1 1 0 0 0 1 
0 1 0 1 1 1 0 1 1 1 0 0 1 0 0 0 1 
1 1 0 1 0 0 0 1 1 1 1 1 1 1 1 1 1 
5 18
0 1 0 1 1 
1 0 1 1 1 
1 0 0 0 0 
0 1 1 0 1 
1 0 0 0 0 
1 1 1 3 0 
0 1 0 0 1 
2 0 0 0 1 
1 0 1 0 1 
1 0 1 1 0 
0 1 0 0 1 
0 1 0 1 1 
1 0 1 0 1 
0 1 1 1 1 
0 1 1 0 0 
0 1 0 0 1 
0 1 0 1 1 
0 1 1 0 0 
8 20
0 1 1 0 1 1 0 0 
1 1 1 1 0 1 1 0 
0 1 1 0 1 1 0 1 
0 0 0 0 0 0 0 0 
1 1 1 1 1 0 1 1 
0 1 1 0 0 0 0 1 
1 0 0 1 1 1 0 1 
1 0 1 1 1 1 0 0 
0 0 0 1 0 1 1 1 
0 1 1 0 1 1 0 1 
0 0 0 0 0 0 1 0 
1 0 0 1 0 1 0 1 
0 1 1 1 1 1 0 0 
0 0 0 0 1 0 1 0 
1 0 1 1 0 0 1 1 
1 1 0 1 1 0 0 1 
1 0 0 0 0 1 1 0 
0 0 1 0 1 1 0 0 
2 1 1 3 1 0 1 1 
1 0 1 1 0 1 0 1 
13 5
1 0 1 0 1 1 3 1 1 1 1 0 0 
0 2 0 1 1 0 0 0 1 1 1 0 0 
0 1 0 1 0 1 1 0 0 0 1 0 0 
0 0 1 1 0 0 1 0 0 0 1 1 1 
0 0 1 0 1 1 0 1 1 0 1 0 0 
16 15
0 3 0 1 0 1 1 0 0 1 1 1 1 0 0 0 
0 0 0 1 0 1 0 1 0 0 1 0 0 1 0 0 
1 1 0 1 0 1 0 0 0 1 0 0 0 0 0 1 
0 0 1 0 0 0 1 1 1 1 0 0 0 1 0 0 
1 0 0 0 1 0 1 1 0 1 0 1 0 0 1 0 
0 0 0 1 1 1 1 0 0 0 0 1 0 1 1 0 
0 0 0 0 1 1 0 0 1 0 0 1 0 0 1 1 
1 0 0 1 1 1 0 1 0 1 1 0 2 0 1 0 
0 0 0 0 1 1 1 1 1 1 0 0 1 0 1 0 
0 0 0 1 0 0 1 1 0 0 1 1 1 1 1 0 
0 0 0 1 1 0 0 0 0 1 0 1 0 1 1 1 
1 0 0 0 1 0 1 1 0 0 0 0 1 0 0 0 
0 1 0 1 1 1 1 1 0 0 0 0 0 0 0 0 
1 0 0 0 0 0 0 0 0 1 1 0 1 0 0 0 
0 1 0 1 1 0 0 0 0 0 0 1 0 1 0 1 
2 17
1 1 
0 1 
1 0 
0 1 
0 1 
0 0 
1 1 
1 0 
1 3 
0 1 
1 1 
0 1 
1 1 
2 0 
1 1 
0 1 
0 1 
2 20
1 0 
1 1 
0 0 
0 0 
1 1 
0 1 
0 1 
0 1 
0 0 
2 1 
0 0 
1 3 
1 0 
1 0 
1 0 
0 1 
0 1 
1 0 
0 1 
1 1 
3 4
0 0 0 
1 1 0 
3 2 0 
1 0 0 
20 1
0 0 1 1 1 1 1 1 0 0 0 3 0 0 1 1 1 1 0 2 
9 11
0 0 0 0 1 0 0 1 1 
1 0 0 1 0 0 1 0 0 
2 1 0 0 1 1 1 1 1 
1 0 0 1 1 0 0 1 1 
1 1 0 1 0 1 1 1 1 
1 0 1 0 0 0 1 1 1 
0 0 0 0 0 0 0 1 1 
0 0 0 1 1 3 1 1 1 
1 0 0 1 0 0 0 1 0 
0 1 0 0 0 1 0 0 0 
1 1 1 1 0 1 0 0 1 
13 19
0 0 0 0 1 1 1 1 0 0 0 0 1 
0 1 1 0 0 0 0 1 1 1 1 1 1 
0 1 1 1 0 1 1 0 1 0 1 1 1 
1 1 0 0 0 1 0 0 1 0 0 1 0 
3 1 0 0 0 1 1 1 0 0 1 1 1 
1 1 0 0 0 0 1 1 0 0 0 1 0 
1 0 0 1 0 1 1 1 0 2 1 0 1 
1 0 1 1 0 1 0 0 0 0 1 0 0 
1 1 1 0 0 0 1 0 0 1 0 1 1 
1 1 1 0 0 1 0 0 1 1 0 0 0 
1 0 1 1 0 1 1 0 0 0 0 0 0 
0 1 1 1 0 0 0 1 1 1 1 0 0 
1 0 1 1 1 1 1 1 1 0 1 1 1 
0 0 0 1 1 1 1 0 0 0 0 1 0 
0 1 1 1 1 1 1 1 1 0 0 1 1 
1 0 1 0 1 1 1 0 0 1 1 0 1 
1 0 1 0 1 1 1 0 0 1 0 1 0 
1 1 1 0 0 1 0 1 1 1 0 1 1 
1 0 0 1 1 1 0 0 0 0 0 1 0 
20 3
0 1 3 0 1 1 0 0 1 1 0 0 0 0 0 1 0 0 0 1 
1 0 0 0 0 1 0 0 0 1 1 0 0 1 0 0 1 0 1 0 
0 1 1 1 1 0 2 1 0 0 1 1 1 1 0 0 1 1 1 0 
7 5
3 0 0 1 1 2 1 
0 1 1 0 0 0 0 
0 1 1 0 0 1 1 
1 0 1 0 1 1 0 
1 1 0 1 0 1 1 
14 16
0 0 1 0 0 0 1 1 0 1 1 1 1 0 
0 0 0 1 0 1 0 0 1 1 1 1 0 1 
1 0 1 1 0 1 0 1 1 1 0 1 1 1 
0 2 0 0 0 0 1 1 0 1 0 0 0 0 
1 0 1 1 0 1 1 1 1 0 1 1 1 0 
0 0 0 0 1 0 0 1 1 0 1 1 1 1 
0 0 1 1 0 1 1 0 1 1 1 0 0 0 
1 1 0 1 1 0 1 0 0 0 0 1 0 0 
1 1 0 0 0 1 0 0 1 1 1 1 1 0 
1 0 1 1 0 0 0 1 1 0 1 0 1 0 
1 1 0 1 1 1 1 0 1 0 0 0 1 1 
1 1 1 0 0 0 1 1 0 0 1 0 1 0 
0 1 0 1 0 0 0 1 0 0 0 0 0 1 
1 3 0 1 0 0 1 1 1 0 1 0 1 0 
0 0 0 1 0 0 0 1 0 1 1 0 0 1 
1 1 1 0 1 0 0 0 1 1 0 0 1 0 
18 10
0 1 1 0 0 1 1 1 0 0 1 1 0 0 0 1 1 0 
1 0 0 1 0 0 0 1 1 0 0 2 1 0 0 1 0 0 
0 0 1 1 1 1 1 0 1 0 0 1 1 1 1 1 0 1 
0 1 0 0 1 0 0 0 0 0 0 0 0 0 0 0 0 1 
0 1 0 0 0 3 0 1 1 0 1 1 0 1 1 0 1 0 
0 1 1 1 1 0 1 0 1 1 1 1 0 1 1 0 0 0 
1 1 1 1 1 0 1 0 0 1 1 1 1 1 1 1 0 1 
0 1 0 1 1 0 0 0 1 0 1 0 1 1 1 0 0 1 
1 0 0 0 1 0 1 1 0 1 1 0 0 0 1 0 1 1 
1 1 1 1 1 0 1 1 1 0 1 0 1 0 1 1 0 1 
16 12
0 1 0 1 1 1 0 0 0 0 1 0 0 1 1 3 
1 0 1 0 1 1 1 0 1 1 0 1 1 1 0 0 
1 0 1 1 0 1 1 0 1 0 1 1 0 1 1 0 
0 0 1 0 0 0 1 0 1 1 0 1 0 1 0 0 
0 1 0 1 1 0 0 1 1 0 1 0 1 0 2 0 
0 1 0 0 1 1 0 1 0 1 0 1 1 0 1 1 
0 1 1 0 1 1 1 0 0 0 0 1 0 1 0 0 
1 1 0 1 1 1 0 0 0 0 1 0 0 0 0 0 
1 1 0 0 0 1 1 0 1 1 1 0 1 1 1 0 
0 1 1 0 1 0 1 1 1 1 0 1 0 1 0 0 
1 0 0 0 0 1 0 1 1 0 1 0 1 1 1 0 
1 1 1 0 0 0 1 1 1 0 0 1 1 0 1 0 
12 15
1 1 1 0 1 0 0 0 1 0 0 0 
0 0 0 1 1 1 0 1 0 1 1 1 
0 0 0 1 1 1 0 0 1 0 0 1 
1 0 1 0 0 0 0 0 0 0 0 1 
0 0 0 0 1 0 0 3 0 0 0 1 
1 0 1 1 1 1 0 1 0 1 0 0 
1 0 1 0 0 0 0 1 0 0 1 1 
0 1 1 0 0 1 1 1 0 1 0 1 
1 1 1 1 0 1 0 1 1 0 0 1 
0 0 1 0 0 0 0 1 1 0 1 1 
1 1 1 0 0 1 0 1 1 1 1 1 
0 1 1 0 0 1 0 1 0 1 0 0 
0 1 1 1 1 0 0 1 0 0 0 0 
1 1 1 1 1 0 1 0 1 0 1 0 
1 2 0 0 1 1 0 0 0 1 1 1 
12 7
0 1 1 1 0 0 0 0 1 1 1 0 
1 1 3 2 0 0 0 0 0 0 1 0 
0 1 0 1 1 0 0 0 0 0 1 0 
1 0 1 0 0 0 1 0 1 1 1 0 
1 0 0 1 0 1 0 0 1 1 1 1 
1 1 0 1 1 0 0 0 0 1 0 1 
1 1 1 1 1 0 0 0 0 1 0 1 
2 12
1 1 
3 0 
0 1 
0 0 
0 0 
1 0 
1 0 
0 1 
2 0 
0 1 
1 1 
1 0 
8 4
3 0 0 0 1 0 0 0 
1 0 1 0 1 1 0 0 
1 0 0 0 0 0 2 0 
0 1 0 1 0 0 1 0 
19 16
1 1 1 0 1 0 1 1 0 1 0 1 1 0 1 0 1 0 0 
1 0 0 1 1 1 0 1 0 0 1 1 0 0 0 1 0 1 1 
0 1 0 0 0 1 0 0 0 0 0 1 1 0 0 1 0 0 1 
0 0 0 1 0 0 0 1 1 0 1 0 1 1 0 1 1 0 1 
0 1 0 1 0 1 1 0 1 0 1 1 1 1 0 0 1 1 1 
1 0 0 1 0 0 0 0 1 1 0 1 0 0 0 1 1 1 0 
1 0 1 0 0 0 0 1 1 1 1 1 1 1 1 1 1 0 0 
1 0 1 1 1 1 1 0 0 0 1 0 0 1 0 0 1 0 0 
1 1 1 0 0 0 1 0 0 0 0 0 1 0 1 0 0 1 0 
0 1 1 1 0 0 0 1 0 1 0 0 1 1 1 0 0 0 0 
1 0 1 3 1 2 1 1 1 1 0 1 0 0 0 1 0 1 1 
1 1 0 0 0 1 0 0 1 0 1 0 0 1 1 1 0 0 1 
0 0 1 0 1 0 1 1 1 1 0 0 0 1 1 1 1 1 0 
0 0 1 1 0 0 0 1 1 0 0 0 1 0 0 1 0 0 0 
1 0 0 1 1 0 1 0 1 0 0 0 0 1 1 1 0 1 0 
0 1 0 0 0 1 0 1 0 0 0 0 1 0 0 0 1 1 0 
0 0
