6 3
0 0 0 1 0 1 
0 1 0 0 2 1 
3 0 1 1 0 1 
7 15
0 1 1 0 0 1 1 
2 0 0 0 0 1 1 
1 0 0 0 1 0 1 
0 0 1 0 0 1 0 
0 0 1 1 0 1 1 
1 0 0 0 0 1 0 
0 0 1 1 1 1 0 
1 0 0 1 0 0 0 
1 0 1 0 0 1 1 
1 0 1 1 1 0 0 
0 1 3 1 0 0 1 
0 1 1 1 0 1 0 
0 0 0 0 0 1 1 
1 0 0 0 1 0 1 
0 0 1 0 1 1 1 
12 8
1 1 1 0 1 2 0 0 1 1 0 1 
0 0 0 1 0 0 0 0 0 1 0 0 
1 0 1 1 1 3 1 1 0 0 0 0 
1 0 0 1 0 1 0 1 1 1 1 1 
0 1 1 0 1 1 1 1 0 0 0 1 
1 0 0 0 1 0 0 1 1 1 0 0 
0 1 0 0 0 0 0 0 0 1 0 1 
1 0 0 0 0 1 0 1 0 0 0 1 
13 10
1 0 0 1 0 0 0 1 0 0 1 0 1 
1 0 0 1 1 0 1 0 1 1 0 1 0 
0 1 1 1 0 0 0 1 0 1 1 0 0 
0 0 1 1 1 1 1 0 1 0 1 0 0 
0 0 1 1 1 1 0 0 0 1 0 0 1 
0 1 0 1 1 0 1 1 1 1 1 1 0 
0 0 3 0 0 0 0 0 1 0 0 1 1 
0 1 0 0 1 1 0 1 0 1 1 0 1 
1 1 1 0 1 1 0 0 0 1 1 1 1 
0 0 2 1 1 1 1 0 0 1 0 1 0 
13 12
0 1 1 0 0 0 0 0 1 0 0 0 1 
1 0 0 0 1 0 0 0 0 0 0 1 0 
1 1 0 0 1 0 1 1 0 0 1 0 0 
1 1 1 1 0 1 1 1 1 1 0 1 0 
1 0 1 1 1 0 1 1 0 0 0 1 1 
1 3 2 1 1 1 0 1 1 1 0 0 0 
0 1 0 1 0 0 0 1 1 1 1 0 1 
1 0 0 1 1 1 0 0 1 0 1 0 1 
0 1 0 0 1 1 1 1 0 0 1 0 1 
0 0 0 1 1 1 1 0 0 0 1 0 1 
1 0 1 0 0 1 0 0 1 0 0 1 1 
0 1 1 1 1 1 0 1 0 1 0 0 0 
14 18
0 1 1 1 1 1 0 0 0 1 1 0 1 0 
0 0 0 1 0 1 0 0 1 0 0 0 0 0 
0 0 1 1 1 0 1 0 1 1 0 0 0 1 
0 0 0 1 0 0 0 0 1 0 1 0 1 1 
1 1 0 1 0 1 0 0 1 1 1 1 1 0 
0 1 0 0 1 1 1 0 0 1 1 1 0 1 
0 1 0 0 0 0 1 1 0 0 1 0 0 1 
1 1 1 0 0 0 1 0 1 1 0 1 1 1 
0 0 0 1 0 1 0 1 1 0 0 0 3 0 
1 1 1 0 1 1 1 0 0 0 1 1 0 1 
1 0 0 0 0 1 1 1 1 1 1 1 0 1 
1 1 0 1 1 1 1 0 1 0 1 1 0 0 
0 0 0 1 0 1 1 1 1 0 1 1 0 0 
1 0 0 1 0 1 1 0 1 0 0 0 0 1 
0 0 0 1 1 1 1 1 0 0 0 1 0 1 
2 1 0 1 1 0 1 1 1 1 0 1 0 1 
0 0 0 0 0 1 1 1 1 0 0 1 1 0 
1 0 1 0 1 0 1 0 0 1 0 1 1 1 
20 4
1 0 0 0 1 1 1 0 2 1 0 0 0 1 0 0 0 1 0 0 
1 0 0 0 0 0 1 1 0 1 1 1 1 0 0 1 0 1 0 0 
1 0 1 0 0 1 0 1 3 1 1 1 0 0 0 0 1 0 1 0 
1 0 0 1 1 0 0 1 1 1 1 0 1 1 1 1 0 1 0 0 
20 8
1 0 0 0 0 0 1 0 1 1 1 1 1 1 1 1 1 1 0 1 
1 0 1 0 0 1 0 0 0 1 1 1 1 1 0 0 0 0 0 0 
0 0 0 1 0 0 1 1 0 1 1 1 1 1 0 1 1 0 0 1 
1 0 0 0 0 0 0 0 0 1 0 0 0 1 0 0 0 0 1 0 
0 0 1 0 0 1 0 0 0 1 1 1 1 0 0 0 1 0 1 0 
3 0 0 1 1 0 0 1 2 1 0 0 0 1 0 1 0 1 1 1 
0 1 0 0 0 1 0 0 0 1 0 1 0 0 1 1 0 1 1 1 
0 0 1 0 0 0 1 1 1 1 0 1 1 1 1 1 0 0 0 0 
9 3
1 0 0 0 0 0 0 3 0 
0 0 1 1 0 1 1 1 1 
0 1 1 1 0 2 0 1 1 
12 6
1 1 0 1 1 1 0 0 1 0 1 0 
1 0 1 1 1 3 1 0 0 1 1 0 
0 1 1 0 0 1 0 1 1 0 0 1 
0 0 1 0 1 0 1 1 1 0 1 1 
0 0 0 1 0 1 1 0 0 1 0 0 
1 2 1 0 1 1 0 0 0 1 0 0 
8 2
1 1 3 1 0 0 1 0 
0 0 1 1 2 1 0 1 
2 12
1 1 
1 1 
1 0 
0 3 
2 0 
0 0 
1 1 
1 0 
0 1 
0 1 
1 1 
0 1 
7 4
1 1 3 1 0 0 0 
1 0 1 1 0 1 0 
1 1 1 0 0 0 0 
0 0 1 0 1 2 1 
17 6
0 1 0 0 1 1 1 0 2 1 0 0 1 0 1 1 0 
0 1 0 1 0 0 1 0 1 1 0 0 0 1 0 0 0 
1 1 0 1 1 0 1 0 1 0 0 0 1 1 1 1 0 
0 0 0 1 0 1 1 1 1 1 0 1 0 0 0 0 0 
0 1 1 1 1 3 0 0 1 0 0 1 0 0 0 1 0 
0 1 0 1 0 1 0 0 1 1 1 1 1 1 0 0 1 
6 18
1 0 0 1 0 2 
0 1 1 0 0 1 
1 0 0 0 1 1 
1 0 1 0 0 0 
1 1 0 0 1 1 
1 1 0 1 1 0 
1 1 1 1 1 1 
0 0 0 1 0 1 
1 0 1 1 0 1 
1 1 1 0 1 0 
0 1 0 1 0 0 
1 1 1 1 1 1 
0 1 1 0 1 1 
0 0 0 0 0 0 
1 0 1 0 1 3 
1 0 1 1 1 0 
1 1 0 1 1 1 
0 0 1 0 0 0 
12 6
1 1 0 1 0 1 1 1 0 0 0 0 
1 1 1 0 0 1 1 2 0 0 0 3 
0 1 0 0 1 0 1 1 1 1 1 0 
0 1 0 1 1 1 1 0 1 1 0 1 
0 0 1 1 1 0 0 1 0 1 0 0 
0 0 1 1 1 0 0 0 1 1 0 0 
8 9
1 1 0 0 1 1 0 1 
1 0 0 0 0 1 0 1 
1 1 0 0 1 1 2 0 
0 1 0 0 0 1 1 0 
0 1 1 0 1 0 0 0 
1 3 1 1 1 0 0 1 
0 0 1 1 1 1 0 0 
1 0 0 1 0 0 0 0 
0 1 0 1 1 0 0 1 
18 9
0 0 1 1 1 1 1 1 1 1 0 0 0 0 0 1 0 0 
0 0 0 0 0 0 1 0 0 1 0 1 1 0 0 1 0 1 
0 0 1 1 1 1 1 1 0 0 0 0 0 1 1 0 1 1 
0 0 0 0 0 1 0 1 0 0 0 1 3 0 0 0 0 0 
1 1 0 1 1 2 1 1 1 1 0 1 0 0 0 0 0 0 
0 1 1 1 1 1 1 0 0 1 0 1 1 1 0 0 1 1 
1 1 1 0 1 0 1 0 1 1 0 1 0 1 0 1 1 0 
1 1 1 1 1 1 0 1 1 0 0 0 1 0 0 0 0 0 
0 1 1 0 1 1 0 0 1 1 1 0 0 0 0 0 1 1 
10 20
0 0 0 0 0 1 0 1 0 0 
0 2 0 1 0 1 1 0 1 1 
0 0 1 0 1 1 0 0 1 1 
0 0 1 0 1 0 1 1 1 1 
0 0 1 0 0 1 1 0 0 1 
0 1 1 1 0 0 1 1 1 1 
1 1 1 1 1 1 1 0 1 1 
0 1 0 0 1 1 1 1 1 1 
0 1 1 1 1 0 0 0 0 0 
1 0 1 1 0 0 1 1 1 1 
0 0 1 0 1 0 0 1 0 0 
1 1 0 0 0 0 0 1 1 0 
0 1 0 0 1 1 1 1 1 1 
1 1 1 1 1 0 0 0 0 1 
1 1 1 1 1 0 0 1 0 0 
0 0 1 0 1 1 0 0 1 1 
0 0 0 0 0 3 0 1 0 1 
1 1 1 1 0 0 0 0 1 0 
0 0 1 1 1 1 0 1 1 0 
0 0 1 0 0 1 0 1 1 1 
16 14
1 0 0 0 1 1 1 0 0 1 0 0 0 1 1 0 
1 0 0 1 1 1 1 1 0 0 1 1 1 0 0 1 
1 1 0 1 0 1 0 1 0 1 1 0 0 1 1 1 
1 0 1 0 0 0 0 1 1 0 1 1 1 1 0 1 
0 0 1 1 1 1 0 1 0 1 1 1 1 0 0 1 
0 0 0 0 1 1 0 0 0 0 0 0 0 0 0 0 
1 0 0 1 0 1 1 0 1 0 0 0 0 1 1 1 
1 1 1 2 0 0 0 1 0 1 0 0 0 0 0 0 
1 1 1 0 0 1 0 1 1 1 0 1 1 0 0 0 
0 1 1 0 1 1 0 1 1 1 0 1 0 1 1 0 
1 0 0 1 1 1 1 1 1 1 1 3 1 1 0 0 
0 0 0 0 1 0 0 0 1 1 0 0 0 0 0 1 
1 0 0 0 1 1 1 1 1 0 1 0 1 1 1 1 
0 1 1 1 1 0 1 0 0 1 1 1 1 1 0 1 
2 10
0 0 
3 0 
1 2 
1 1 
0 0 
0 1 
1 0 
1 0 
1 0 
0 0 
3 18
1 1 0 
0 1 1 
0 0 1 
1 1 1 
1 1 0 
0 1 0 
3 1 0 
1 0 0 
0 1 1 
1 1 0 
0 1 0 
0 1 0 
0 0 1 
1 2 0 
1 1 1 
0 1 0 
0 1 1 
1 0 1 
19 1
0 1 2 0 1 1 1 1 0 1 0 0 1 1 1 0 0 3 0 
9 6
0 0 1 1 0 0 0 1 0 
0 0 0 0 0 0 1 0 0 
0 0 1 0 0 0 0 1 1 
1 0 0 1 1 0 1 0 1 
0 0 0 0 1 1 3 2 0 
1 0 1 1 1 1 1 0 0 
19 10
1 1 0 1 0 0 1 1 0 1 1 0 1 1 1 0 0 0 1 
1 0 1 0 0 0 1 0 1 0 1 0 0 0 0 0 0 0 1 
1 0 1 1 1 1 1 1 0 0 1 1 1 1 0 0 0 1 1 
0 1 1 0 1 0 1 0 1 1 1 0 0 0 1 0 1 0 0 
0 0 1 1 0 0 1 0 0 1 1 0 1 1 1 1 1 1 1 
3 1 0 0 1 1 1 0 0 1 1 1 0 1 0 0 0 0 1 
1 1 0 1 0 1 0 1 0 1 0 0 1 0 1 1 0 0 1 
0 1 0 0 0 2 0 1 1 0 0 0 1 0 0 1 0 0 0 
0 0 1 1 0 0 0 1 1 1 1 1 1 1 1 0 1 1 1 
0 1 1 0 0 0 1 0 1 0 0 0 0 0 1 1 1 1 0 
6 6
1 0 0 1 1 1 
1 0 1 0 0 0 
2 0 1 0 1 0 
1 3 1 1 0 0 
1 0 0 1 1 0 
1 1 1 1 0 0 
14 6
0 1 1 1 0 1 0 1 0 0 0 0 1 0 
1 2 1 0 1 0 0 1 1 0 0 0 1 0 
0 0 0 0 0 1 0 1 1 1 0 1 1 0 
0 1 1 1 1 0 1 1 1 1 0 0 1 1 
0 0 1 1 0 0 0 1 1 1 0 0 1 0 
3 0 1 0 0 0 0 1 1 0 1 0 1 1 
15 17
1 0 0 1 0 0 0 0 0 0 1 0 0 0 0 
1 0 1 1 0 0 1 0 1 1 0 0 1 1 0 
0 0 1 1 0 0 1 1 1 1 1 0 1 1 1 
0 1 0 0 0 1 1 0 1 0 0 0 0 0 1 
0 0 0 1 0 0 0 0 0 0 0 1 0 1 0 
1 1 1 0 0 0 1 0 0 1 0 1 1 0 0 
0 1 1 0 1 1 0 0 0 1 0 1 1 1 1 
0 0 2 0 1 1 0 1 1 1 0 0 0 0 1 
1 0 0 0 0 0 1 0 1 1 0 0 0 0 1 
0 0 0 1 1 1 0 0 0 0 1 1 1 0 0 
1 0 0 0 0 0 1 0 0 0 1 0 1 1 0 
1 1 0 0 0 0 1 0 1 0 1 0 0 1 0 
1 0 1 0 1 0 0 0 0 1 0 1 1 0 1 
1 1 0 1 0 1 1 1 0 1 1 0 1 0 1 
1 1 1 0 1 1 0 0 1 0 0 1 3 1 1 
1 0 0 0 0 1 0 0 0 0 0 0 1 0 0 
1 0 0 0 0 1 1 0 0 1 0 0 0 1 0 
17 11
1 0 0 1 1 0 1 0 1 0 1 0 1 1 1 1 1 
0 0 0 1 0 0 0 1 0 0 0 1 1 0 1 1 1 
1 0 1 1 0 0 1 0 1 1 1 1 1 1 0 1 1 
1 0 1 1 1 0 0 0 1 1 1 0 0 1 1 1 1 
0 1 0 1 0 0 0 0 0 1 1 0 0 1 1 0 0 
0 1 1 1 0 0 1 0 1 0 1 1 0 0 0 0 1 
0 0 0 1 0 0 1 1 0 3 1 1 1 1 0 0 0 
1 0 0 0 0 0 0 1 1 0 0 1 1 1 1 1 0 
1 1 0 1 0 2 1 1 1 0 1 0 1 1 0 0 0 
0 1 1 0 0 0 1 0 1 0 1 0 1 0 1 1 0 
0 0 0 0 0 1 0 1 1 0 1 1 1 0 0 1 1 
16 12
1 1 0 1 0 1 0 1 1 0 3 0 0 2 0 0 
0 0 1 1 1 1 1 1 1 0 0 0 0 1 0 0 
0 0 0 1 1 1 1 0 1 1 1 0 0 1 1 1 
0 0 1 1 1 0 0 1 0 0 1 1 1 0 0 1 
0 1 1 0 0 0 0 0 0 0 0 1 1 0 0 0 
0 1 0 1 0 0 0 0 1 1 0 0 0 1 0 0 
0 0 0 1 1 1 1 0 1 1 0 1 1 1 0 1 
1 1 0 0 0 1 0 1 0 1 1 0 0 0 1 0 
1 0 0 1 0 0 1 1 1 1 0 1 1 0 1 0 
1 0 1 1 0 1 0 1 0 1 0 1 0 1 0 0 
0 1 1 0 1 1 0 1 1 1 1 1 0 0 1 0 
0 0 1 1 0 0 0 0 1 0 1 0 1 1 1 1 
5 15
1 1 1 0 2 
0 1 0 1 0 
0 1 1 1 1 
1 1 1 0 0 
0 0 1 0 0 
1 0 1 3 0 
0 0 0 1 1 
1 0 1 1 1 
0 1 1 1 0 
1 0 0 1 0 
1 1 0 1 0 
1 1 1 1 1 
0 0 1 1 0 
0 1 1 0 1 
1 1 1 1 0 
15 10
0 1 1 0 1 1 1 1 1 1 1 1 0 0 1 
0 1 1 0 0 1 0 1 0 1 0 1 1 1 0 
1 1 1 0 0 1 0 1 0 0 1 0 0 1 0 
0 1 1 1 0 0 1 1 1 0 0 1 1 0 1 
1 0 0 1 1 0 1 0 0 0 0 1 1 0 1 
0 1 0 0 0 0 1 0 1 1 3 0 0 0 0 
0 0 1 0 1 0 0 0 1 0 1 0 1 1 0 
1 1 1 0 0 1 1 0 0 0 0 0 0 1 1 
0 1 1 1 0 0 0 2 1 0 1 0 1 0 0 
0 0 1 1 0 1 1 1 1 1 0 1 0 0 1 
17 3
0 1 0 0 1 1 1 1 0 0 0 1 1 3 0 0 1 
0 0 0 0 1 1 1 1 1 0 0 1 0 0 1 1 1 
0 1 1 1 0 1 0 1 0 0 2 0 0 1 1 0 1 
13 10
0 1 0 0 1 0 1 0 0 0 0 1 1 
0 1 0 1 0 0 0 1 1 2 0 0 1 
0 0 0 0 0 1 1 1 1 3 1 0 1 
1 1 1 0 1 0 0 0 1 1 0 1 0 
0 0 1 1 1 0 1 0 1 0 1 1 1 
0 0 0 1 1 1 1 0 1 0 1 0 0 
0 0 1 1 1 0 1 1 1 1 0 0 0 
0 1 0 1 0 1 0 1 0 0 0 1 1 
1 0 0 1 1 0 1 0 1 0 0 0 1 
1 0 0 1 1 1 0 1 0 0 1 0 0 
6 18
1 1 2 1 1 0 
0 1 0 0 0 0 
1 0 1 0 0 1 
1 1 0 0 3 1 
1 1 0 1 0 1 
0 1 0 0 1 1 
1 1 1 1 1 1 
0 1 1 0 1 0 
1 1 0 0 1 1 
1 1 1 1 0 1 
1 1 1 0 0 0 
1 1 0 1 1 0 
1 0 1 1 1 0 
1 1 0 1 0 0 
0 0 1 1 0 0 
1 0 0 0 0 1 
1 0 1 0 1 1 
0 1 1 1 1 0 
12 3
1 0 1 1 1 3 1 0 1 2 1 0 
0 1 0 1 1 1 1 1 0 1 1 0 
1 0 0 0 0 0 1 1 1 0 0 1 
16 15
1 1 1 0 1 1 1 0 1 0 0 0 1 1 1 0 
0 1 1 1 1 0 1 0 0 1 1 0 1 1 1 1 
0 0 1 1 0 0 0 1 1 0 0 1 0 0 1 0 
1 1 0 1 1 2 1 0 1 1 0 0 0 0 0 0 
0 0 1 0 0 1 0 3 0 1 1 1 1 1 1 0 
1 1 0 1 0 1 0 0 1 1 0 0 1 1 1 1 
0 1 1 1 0 0 0 0 0 1 1 0 0 0 1 1 
0 0 1 0 0 0 0 0 0 1 1 0 1 1 0 1 
1 1 0 1 1 1 0 1 0 1 1 0 1 1 1 0 
1 0 0 0 0 1 0 1 0 1 1 0 0 0 0 1 
1 0 1 0 1 1 1 0 1 1 1 1 1 0 1 1 
1 1 1 0 1 0 1 1 1 1 1 1 1 1 0 1 
1 1 1 1 1 0 1 1 1 0 0 0 0 1 1 1 
1 0 1 1 0 0 0 0 0 0 0 1 0 0 0 0 
0 1 1 1 1 1 0 0 1 0 0 1 1 0 0 1 
19 1
2 0 0 0 3 0 0 0 0 0 0 1 1 1 1 1 1 1 0 
20 20
1 1 1 1 1 1 0 0 0 1 1 1 0 1 0 0 0 1 1 0 
1 1 1 0 1 1 1 0 1 1 0 0 1 1 0 1 0 0 0 1 
1 1 0 0 1 0 1 1 1 0 1 0 1 0 0 0 0 1 0 0 
0 0 1 0 1 0 0 1 0 0 0 0 0 1 1 1 1 0 1 1 
1 1 1 1 0 0 1 1 0 0 0 1 0 0 0 1 0 1 1 1 
0 0 1 0 1 0 1 1 1 1 0 0 0 1 0 1 1 0 0 0 
1 1 0 0 1 0 1 1 0 0 1 1 0 0 0 1 1 1 0 0 
0 0 1 0 0 1 1 0 1 1 0 2 1 1 0 0 0 1 0 0 
1 1 0 0 1 0 0 1 0 1 0 1 0 0 1 1 0 0 0 0 
0 1 1 0 0 1 0 1 1 0 0 1 0 0 0 0 0 0 0 1 
0 1 0 1 0 1 0 1 1 0 1 1 0 1 1 1 1 1 0 1 
0 1 1 0 0 1 1 1 1 0 1 1 0 1 1 0 0 0 0 1 
0 1 1 0 1 0 1 1 1 0 0 3 0 1 1 1 1 1 0 1 
0 0 1 1 1 0 0 0 0 0 1 1 1 1 0 1 1 1 1 1 
1 0 0 1 0 1 0 0 1 1 0 0 1 0 1 1 1 0 0 0 
1 0 1 0 0 0 1 0 1 1 0 1 0 1 0 0 0 1 0 0 
1 0 0 1 1 1 0 0 1 1 1 0 1 1 1 0 1 1 0 1 
1 0 1 0 0 1 1 0 0 0 1 0 1 0 1 0 0 0 0 1 
0 1 0 0 1 1 1 1 1 0 0 0 1 1 0 1 0 0 0 1 
1 0 0 1 1 0 1 0 1 1 0 0 1 0 1 0 0 1 0 1 
20 1
0 0 1 0 2 1 1 0 1 3 0 0 1 1 0 0 0 0 0 1 
6 15
0 0 0 1 0 1 
1 1 0 1 0 0 
0 1 1 0 1 1 
1 1 0 1 0 1 
1 1 0 0 1 0 
1 1 0 0 0 0 
1 0 1 1 0 0 
1 1 1 0 1 1 
0 0 0 1 1 1 
0 1 0 1 1 1 
1 0 1 0 1 1 
0 2 1 0 0 1 
1 1 0 1 0 1 
1 1 0 0 0 0 
1 1 1 0 3 0 
12 7
1 0 1 0 1 1 0 0 1 1 3 0 
1 0 0 0 0 0 0 0 0 1 1 0 
1 1 1 1 1 0 1 1 1 0 1 0 
0 1 1 1 1 1 1 0 0 1 1 1 
1 1 0 2 0 1 1 1 1 0 1 1 
1 0 1 0 0 1 1 0 1 0 0 0 
1 1 1 0 1 0 0 1 1 1 0 0 
4 15
0 1 1 1 
0 1 0 0 
0 0 1 0 
0 0 1 0 
1 0 1 1 
1 1 0 1 
1 0 0 1 
1 1 1 1 
0 1 1 0 
1 0 0 1 
0 1 1 0 
0 2 0 1 
0 1 3 1 
1 0 1 1 
0 0 0 1 
5 5
0 1 1 1 2 
0 0 1 1 0 
1 1 1 0 0 
3 1 0 0 1 
0 0 1 1 1 
13 9
1 0 1 1 0 1 1 1 0 0 1 1 0 
0 1 1 1 0 0 1 1 1 1 0 1 0 
1 0 1 1 1 0 1 0 0 0 1 0 1 
1 0 0 1 0 1 1 1 1 0 0 1 1 
1 1 1 1 1 1 3 1 1 0 0 1 0 
0 0 0 0 1 0 0 1 1 0 0 0 0 
1 0 0 1 1 1 0 1 2 1 1 0 0 
0 1 1 1 1 1 1 0 0 0 1 0 0 
0 1 0 1 1 1 1 1 0 0 1 1 1 
19 9
0 1 1 1 1 0 0 1 1 0 1 0 1 0 1 0 0 1 1 
1 0 0 1 0 1 1 1 1 0 1 0 0 1 0 0 0 1 1 
1 0 0 0 1 0 0 1 1 0 0 1 1 1 1 1 0 0 1 
1 0 1 1 1 1 0 0 0 0 1 0 1 0 0 0 1 1 1 
1 1 0 3 1 0 1 0 0 0 0 2 1 0 1 1 0 1 0 
0 1 0 1 0 0 1 1 1 1 1 0 1 1 1 0 0 1 0 
0 0 0 1 1 0 0 0 0 0 1 1 1 1 1 0 1 1 0 
0 1 1 0 0 0 0 0 1 0 1 1 0 1 0 1 0 0 1 
0 1 0 1 0 0 1 1 0 1 1 0 1 0 0 0 0 0 0 
19 9
0 0 0 1 0 0 0 0 1 1 1 1 0 0 0 1 1 0 0 
0 0 0 0 0 1 1 0 0 0 1 1 1 0 1 0 1 1 0 
1 1 1 0 1 1 0 0 1 0 0 0 0 1 1 1 0 1 0 
1 0 0 1 1 0 1 1 1 0 0 0 0 1 1 1 1 0 1 
0 1 1 3 1 1 0 0 1 0 1 1 0 0 1 1 0 2 1 
1 1 1 0 1 1 0 1 1 1 0 0 0 1 0 1 1 0 0 
0 1 0 1 0 1 0 0 1 0 0 0 1 0 1 1 0 1 0 
0 1 1 0 1 0 0 0 0 1 0 0 1 1 1 0 0 0 1 
0 0 1 0 1 1 0 0 0 1 1 1 0 0 1 1 1 1 1 
6 19
1 0 1 0 1 1 
0 1 0 0 0 0 
0 0 0 1 0 0 
0 1 0 1 0 0 
1 0 0 0 0 0 
1 1 1 0 1 0 
1 1 0 1 1 1 
1 0 0 0 0 0 
0 1 0 1 0 0 
1 1 1 1 0 1 
1 0 0 0 1 0 
1 0 0 0 1 0 
0 1 1 0 0 1 
1 1 0 0 0 0 
1 0 1 1 1 0 
3 0 0 1 0 1 
1 0 0 2 0 0 
1 1 1 1 0 1 
1 1 0 1 1 0 
13 16
1 0 0 0 0 1 1 0 1 0 0 0 1 
0 1 0 0 1 0 1 1 1 1 0 1 0 
1 0 1 0 0 0 0 0 0 0 1 0 0 
1 1 0 0 0 0 1 0 0 1 2 1 1 
1 1 0 1 0 1 1 1 0 0 1 0 0 
1 1 1 0 0 0 0 1 0 0 1 0 0 
1 0 1 0 0 0 1 1 0 1 0 0 0 
0 1 1 1 1 1 0 0 0 1 0 0 1 
0 0 1 1 1 1 1 0 0 0 1 0 0 
1 3 1 1 1 0 1 1 1 1 1 1 0 
1 0 0 1 0 1 1 0 0 1 0 0 1 
0 1 1 1 1 0 1 0 1 1 1 1 0 
0 1 1 1 1 0 0 1 0 0 1 0 1 
0 1 1 0 0 0 0 1 0 1 1 1 0 
0 1 1 1 0 1 1 1 0 0 0 1 0 
1 0 1 0 0 0 0 0 0 0 1 0 0 
16 2
1 0 0 3 1 0 1 0 0 0 1 1 0 0 1 1 
0 1 0 2 1 0 1 0 0 1 0 0 0 1 0 1 
0 0
