12 12
1 1 0 1 1 1 0 1 1 1 1 0 
1 1 0 1 0 0 0 0 0 1 1 0 
0 1 0 1 1 1 0 0 0 0 0 0 
1 3 0 0 1 0 0 1 1 0 0 2 
0 0 0 1 0 1 0 0 1 0 0 0 
0 0 0 0 1 1 1 0 0 0 1 0 
0 1 0 0 0 0 0 1 1 1 0 0 
1 1 0 1 0 0 1 0 0 0 0 0 
1 0 0 0 1 1 0 1 0 1 0 0 
1 0 0 0 1 1 0 0 0 0 0 1 
0 0 1 0 1 0 0 0 0 1 1 0 
0 1 1 1 0 1 0 1 1 1 0 1 
7 11
0 0 0 1 1 0 1 
0 0 1 1 1 0 1 
0 0 0 1 1 1 0 
1 0 0 3 2 1 1 
1 0 1 1 0 1 1 
0 1 0 1 1 1 0 
0 1 1 0 1 0 0 
0 1 0 0 0 1 1 
0 0 1 1 1 1 0 
1 0 1 0 0 1 0 
0 1 0 0 0 0 1 
16 9
1 0 1 1 0 1 0 0 1 0 1 1 0 0 1 3 
0 0 1 1 0 2 1 0 0 1 0 0 1 1 1 1 
0 0 0 0 0 1 1 0 0 1 1 0 0 1 1 1 
1 1 0 0 1 0 0 1 0 1 0 0 0 1 0 1 
1 0 0 0 1 0 0 1 0 1 0 1 1 1 1 0 
0 1 0 1 1 0 1 0 0 0 0 1 0 0 0 1 
0 0 1 0 1 0 0 0 1 1 0 0 1 0 1 1 
0 0 0 1 1 0 0 1 1 1 0 1 1 1 0 0 
0 0 0 0 0 0 0 0 1 1 0 1 1 0 1 0 
8 2
1 1 1 0 0 0 1 1 
0 0 0 3 0 1 2 0 
12 19
1 1 0 1 0 1 0 0 1 0 0 0 
1 1 1 1 1 0 0 0 0 0 1 0 
0 1 1 1 0 1 1 0 0 1 0 1 
1 1 0 0 1 1 0 0 1 0 0 1 
1 1 0 0 0 1 1 0 1 0 0 0 
0 1 0 1 1 0 1 1 1 1 1 1 
1 0 1 1 0 0 0 1 1 1 1 1 
0 1 1 1 1 0 1 1 1 1 1 0 
0 0 0 1 1 1 1 1 1 0 1 1 
0 1 1 1 0 0 0 2 0 0 1 1 
0 0 1 1 0 0 1 1 1 1 0 0 
1 1 1 0 1 1 0 0 1 1 1 0 
1 1 0 1 1 1 0 0 1 0 0 0 
0 0 0 0 1 1 1 1 0 0 1 0 
0 0 1 1 0 1 1 0 1 1 0 1 
1 0 3 0 1 1 1 0 1 0 0 1 
1 1 1 1 0 0 1 1 1 0 1 0 
0 0 0 0 0 1 0 0 0 1 0 1 
1 0 0 0 1 0 0 1 0 1 1 1 
18 1
1 0 3 2 0 0 1 1 0 1 1 0 0 0 1 1 1 1 
7 18
1 0 0 0 1 0 1 
0 1 1 1 0 1 0 
0 0 0 1 1 1 1 
1 1 1 0 0 1 0 
1 1 2 0 0 1 0 
0 0 1 0 1 0 1 
0 0 1 0 1 0 1 
0 0 1 0 0 1 0 
1 0 0 0 1 0 1 
0 1 0 1 0 1 1 
0 1 1 1 1 0 0 
0 0 1 0 0 1 1 
1 1 1 1 0 0 1 
0 1 0 0 1 0 1 
0 1 0 3 0 0 0 
0 0 1 0 0 1 1 
1 1 1 0 1 0 0 
0 1 1 0 0 0 0 
13 3
0 0 1 0 1 0 1 0 0 1 0 0 0 
0 0 3 0 0 0 1 1 1 1 1 1 1 
0 0 0 1 2 0 0 0 0 1 1 1 0 
10 8
0 1 1 1 0 0 1 1 1 0 
1 0 1 1 1 1 0 1 2 1 
0 1 0 0 0 0 0 0 0 0 
1 0 1 1 0 1 0 1 1 0 
1 1 1 0 0 1 1 1 0 0 
0 1 1 1 0 0 0 0 1 0 
1 0 0 1 1 0 1 0 1 1 
1 0 1 1 0 0 1 0 3 0 
4 9
1 0 1 0 
0 1 1 0 
2 0 1 1 
1 1 0 1 
0 1 3 1 
1 1 0 0 
1 1 0 1 
0 1 1 1 
1 0 1 0 
19 19
1 1 1 0 1 0 1 1 1 0 0 0 1 1 1 0 0 0 0 
0 1 1 1 1 1 3 0 0 1 1 1 1 0 1 1 0 0 0 
1 1 0 0 1 0 0 0 1 0 0 1 1 1 0 1 1 0 0 
0 2 1 0 1 0 1 0 1 0 1 0 1 0 0 1 1 1 0 
1 0 0 1 0 1 0 0 1 0 1 0 0 0 1 1 0 0 1 
0 0 0 0 0 1 1 0 1 0 0 1 0 0 1 1 1 0 1 
1 1 1 0 1 0 1 0 0 1 0 1 1 0 1 0 1 0 1 
1 1 1 1 0 1 1 0 1 0 1 1 0 0 1 0 1 1 1 
1 1 1 0 1 0 1 0 1 1 1 0 0 0 0 0 1 0 0 
0 1 1 1 1 1 1 0 1 1 0 1 1 1 1 0 0 1 0 
1 0 1 1 0 1 1 0 1 0 1 0 0 0 1 1 0 1 0 
0 0 1 1 1 1 1 0 1 0 1 0 1 1 0 0 1 1 0 
1 1 0 0 0 1 0 1 1 0 0 1 0 0 1 0 1 1 0 
0 0 0 1 0 0 0 1 0 0 1 1 0 0 1 1 0 1 1 
1 1 0 0 1 0 0 0 1 0 0 0 0 0 0 0 0 1 1 
0 1 1 0 1 0 0 0 1 1 1 0 0 0 1 1 0 0 0 
0 1 1 0 1 1 1 0 0 0 0 1 0 0 0 0 1 1 1 
0 0 1 0 0 0 0 0 1 0 1 0 0 0 1 1 0 0 0 
0 1 1 1 1 0 0 1 0 0 1 0 0 1 0 1 0 1 1 
20 2
0 0 0 1 1 1 1 1 0 1 1 1 3 1 0 1 1 2 1 1 
0 1 0 0 0 0 0 1 0 1 0 1 1 0 0 1 1 0 1 1 
4 18
2 0 1 1 
1 1 1 1 
1 1 1 0 
0 1 0 0 
0 1 0 0 
1 0 0 0 
0 1 1 1 
0 1 0 0 
1 0 1 0 
0 0 0 1 
1 1 1 0 
0 0 0 0 
1 0 1 1 
1 1 0 0 
1 0 3 1 
0 0 0 1 
0 1 0 0 
0 0 0 1 
6 1
0 2 0 1 3 1 
8 18
0 1 0 0 0 0 0 0 
0 1 1 1 0 0 0 1 
1 1 1 0 1 1 1 0 
0 0 1 1 0 1 0 1 
1 0 0 1 1 1 0 1 
0 1 0 0 0 1 0 0 
1 1 1 1 0 1 0 2 
0 1 0 0 1 0 1 1 
0 1 0 1 0 0 1 0 
0 0 1 3 1 1 0 0 
0 1 1 0 0 1 0 0 
0 1 1 1 0 0 0 1 
1 0 1 1 1 0 0 0 
1 0 0 0 0 0 1 0 
1 1 1 0 1 1 1 1 
1 0 0 1 0 1 1 0 
0 1 0 1 1 0 1 0 
0 0 1 1 0 0 0 0 
10 5
1 0 0 0 2 1 1 1 1 1 
1 0 0 0 0 0 1 0 1 0 
0 1 3 1 0 0 1 1 1 1 
0 0 0 1 0 1 1 0 1 1 
1 0 1 0 1 1 0 0 0 0 
11 16
0 0 1 0 0 1 1 0 1 0 0 
2 1 1 1 0 0 1 1 0 0 0 
3 0 1 1 0 0 0 1 1 1 1 
0 0 0 1 0 0 1 1 0 0 0 
1 1 0 1 1 0 0 1 0 0 0 
1 1 1 1 0 1 0 1 0 1 1 
0 0 0 1 1 0 1 0 1 1 1 
1 0 0 1 0 1 1 0 0 0 1 
0 0 1 0 0 1 1 0 0 1 0 
1 1 1 1 1 1 0 1 1 0 0 
1 1 1 0 1 1 0 0 0 0 0 
0 1 0 0 0 1 1 1 0 0 0 
0 0 0 1 1 1 1 0 1 1 1 
0 0 1 0 0 0 1 1 0 1 0 
0 0 0 0 1 1 0 0 1 0 0 
1 0 0 0 0 0 1 1 1 0 0 
8 19
0 1 1 1 0 1 0 1 
1 0 3 1 1 1 0 0 
1 0 0 0 0 1 0 1 
0 1 1 0 0 0 1 1 
1 0 0 1 0 0 1 0 
0 1 1 1 1 1 0 1 
0 0 1 0 0 1 0 0 
1 0 1 1 1 1 0 1 
1 0 1 1 1 1 1 0 
1 0 1 1 0 1 1 1 
1 0 1 1 0 0 1 0 
1 1 1 0 0 0 0 1 
1 0 0 1 1 0 1 0 
0 1 0 1 2 1 0 0 
1 0 1 0 1 1 1 0 
0 0 0 0 1 0 1 0 
0 1 1 1 1 0 1 1 
0 1 0 1 1 0 0 1 
0 1 0 1 0 1 0 0 
19 8
1 1 1 1 0 1 0 0 0 1 0 1 1 0 0 0 1 1 0 
1 0 1 3 0 1 1 1 0 0 1 1 1 1 1 0 0 0 0 
0 0 0 1 0 0 0 1 0 0 0 1 1 1 1 0 0 0 0 
0 1 0 1 0 1 0 1 1 1 0 1 1 1 1 0 0 1 1 
0 1 1 0 1 1 1 1 0 0 1 1 1 1 1 0 0 1 0 
1 0 1 1 1 0 1 1 1 0 1 0 1 1 1 1 0 2 0 
0 1 1 1 0 0 0 0 1 1 1 0 0 0 0 0 0 1 0 
1 1 0 0 0 1 0 1 0 1 0 1 1 1 1 1 0 0 1 
14 3
1 0 0 1 1 3 1 0 1 1 0 0 0 1 
1 0 1 0 1 2 0 0 1 1 0 0 1 1 
0 1 0 0 1 0 1 0 1 0 0 0 0 0 
14 16
1 1 0 1 0 1 1 1 1 1 0 1 1 1 
1 1 1 1 1 1 0 0 1 1 1 0 0 1 
1 0 1 1 0 1 1 1 0 0 1 0 1 0 
0 1 1 0 0 0 0 1 1 0 0 1 1 1 
0 1 1 1 0 1 0 0 0 0 0 0 1 0 
0 1 1 1 1 1 1 0 0 0 1 1 1 0 
0 1 0 1 0 1 1 1 1 1 1 0 1 0 
0 1 0 1 1 0 0 0 0 1 0 0 0 1 
3 0 1 0 1 1 0 1 1 0 0 1 0 0 
0 0 0 1 0 1 0 1 1 1 0 1 1 0 
0 1 1 0 0 1 0 1 0 1 1 1 0 1 
1 0 1 1 0 1 0 0 0 1 0 0 1 0 
0 0 0 0 0 1 0 1 1 1 0 1 1 0 
1 0 0 1 1 0 1 1 0 0 1 1 1 2 
0 1 0 0 1 1 1 1 1 0 0 0 1 1 
1 1 0 0 0 0 0 0 0 1 0 1 1 0 
2 19
1 0 
1 0 
0 0 
1 1 
1 1 
0 1 
1 1 
0 1 
3 0 
1 2 
0 1 
1 0 
1 0 
1 0 
0 0 
0 1 
1 1 
0 0 
0 1 
10 14
0 0 1 1 1 1 1 1 1 1 
1 0 0 0 0 1 1 1 1 1 
0 1 0 1 1 0 1 1 1 0 
1 0 1 1 1 0 0 1 1 0 
0 1 1 1 2 1 1 0 0 0 
0 0 1 0 1 1 0 0 1 1 
0 0 1 0 0 1 1 0 0 1 
0 0 1 0 0 1 0 0 1 1 
0 0 0 1 0 1 0 0 1 0 
1 1 1 0 0 1 1 1 1 0 
0 0 1 1 1 0 0 1 0 0 
0 1 1 0 0 0 0 0 0 1 
1 0 0 1 0 1 0 1 0 0 
1 0 1 0 0 3 1 0 1 0 
20 2
0 1 0 1 1 0 0 1 0 1 0 1 0 0 0 0 0 1 3 1 
2 0 1 0 0 1 0 1 0 0 0 1 0 1 0 0 0 1 1 1 
12 18
0 0 1 0 0 1 0 0 1 0 1 0 
0 0 0 1 0 1 0 1 0 0 0 0 
1 1 0 0 1 1 1 1 0 1 1 0 
0 1 1 0 1 1 0 1 0 1 0 1 
1 1 0 0 1 0 0 0 0 0 0 0 
0 0 1 1 1 1 0 1 1 1 0 0 
3 0 1 0 1 1 1 1 1 1 1 0 
0 0 0 1 0 1 0 1 1 1 0 1 
1 1 1 0 1 1 0 1 0 0 0 1 
0 0 1 0 1 1 0 2 0 1 0 0 
1 0 0 0 0 0 0 1 1 1 0 0 
1 1 0 0 1 0 1 0 1 1 0 1 
1 1 0 0 0 0 1 0 0 1 0 0 
1 1 1 0 1 0 1 1 1 0 1 0 
0 1 0 1 1 0 1 0 1 0 0 1 
0 1 1 0 1 0 1 0 0 1 0 1 
1 1 0 0 1 1 0 1 1 1 1 1 
0 0 1 0 0 0 0 0 1 1 1 0 
5 16
0 0 1 1 1 
0 0 0 1 0 
0 1 1 0 0 
1 0 0 0 0 
1 1 0 0 0 
1 0 1 0 0 
0 0 0 1 1 
0 0 1 0 1 
1 1 0 1 1 
1 3 1 1 1 
0 1 1 1 0 
1 1 0 1 2 
0 0 0 1 1 
0 1 0 0 0 
1 0 1 1 1 
1 0 0 0 0 
18 3
3 0 1 0 0 1 2 1 0 1 0 1 0 0 1 0 1 0 
1 0 1 1 0 0 0 1 0 0 1 0 0 0 1 0 1 1 
0 0 0 0 0 1 0 0 1 1 0 1 0 1 0 1 0 0 
9 1
1 1 1 2 0 0 1 0 3 
9 3
1 3 0 1 2 1 0 0 0 
0 1 1 1 1 0 0 0 0 
0 1 1 1 1 1 1 1 0 
4 8
0 1 1 0 
1 1 0 2 
1 1 0 0 
0 1 0 1 
0 3 0 1 
0 1 0 1 
1 0 0 1 
0 1 0 0 
13 11
1 0 0 1 0 0 0 0 0 0 0 1 1 
0 1 0 1 1 1 0 1 0 1 0 1 0 
1 0 0 1 0 0 0 0 1 0 0 0 1 
1 0 0 1 1 0 0 0 1 0 1 1 0 
1 1 0 1 0 1 0 1 1 0 3 0 1 
0 0 0 1 0 0 0 0 1 1 1 0 1 
1 0 0 0 1 1 0 1 1 1 1 0 0 
0 1 1 1 0 1 1 0 1 1 0 1 0 
1 1 1 1 1 1 1 1 1 1 0 0 0 
0 1 0 1 1 0 0 1 1 1 0 0 1 
1 0 0 1 1 1 0 0 0 0 2 1 1 
5 8
0 0 1 0 0 
0 1 1 0 1 
0 0 1 1 0 
0 1 0 0 0 
0 0 1 1 1 
3 0 0 0 2 
0 1 1 1 1 
1 0 1 1 1 
19 20
0 0 1 1 0 0 0 1 1 0 1 0 1 0 0 0 0 1 0 
0 1 0 0 0 1 1 0 1 0 0 1 1 1 1 0 0 1 1 
0 0 0 0 0 1 0 0 0 1 0 1 0 1 1 1 0 0 0 
0 1 1 0 1 1 1 0 1 0 1 0 1 0 0 0 0 0 1 
1 0 1 0 0 0 1 1 0 0 1 0 0 0 0 1 1 1 1 
1 1 0 0 1 0 0 1 0 1 0 0 0 0 0 0 1 1 0 
0 1 0 0 0 1 1 0 1 1 0 0 0 0 1 1 0 1 1 
1 0 1 1 1 0 1 1 0 0 0 0 0 0 0 1 0 0 0 
1 0 0 1 1 1 1 0 0 0 0 1 1 0 0 0 0 1 1 
0 0 1 0 1 0 1 0 1 0 1 1 1 0 1 0 0 1 0 
0 1 0 1 1 0 0 0 0 0 1 0 0 0 1 1 0 0 1 
0 1 1 0 1 1 0 1 1 1 0 0 0 0 0 0 1 1 1 
0 1 1 0 0 0 1 0 1 0 0 0 0 1 0 0 0 0 0 
1 1 1 0 0 1 1 0 0 0 1 2 0 0 1 1 0 1 0 
1 0 1 1 0 0 0 1 0 0 1 1 0 1 0 1 0 0 0 
0 0 0 0 0 1 0 0 0 0 0 0 0 1 1 0 0 1 0 
0 1 0 0 1 1 1 1 1 1 3 0 0 0 1 0 1 0 1 
0 1 0 0 0 1 1 1 0 0 1 1 1 1 1 1 1 0 0 
0 1 0 1 0 1 1 1 0 0 0 1 1 0 0 0 0 0 0 
1 0 0 0 0 0 0 0 1 1 1 1 0 0 1 0 1 0 1 
12 16
0 0 2 0 1 1 0 1 0 0 1 1 
1 0 0 1 1 1 0 0 1 1 1 1 
1 1 0 1 0 1 0 1 1 1 1 0 
1 1 0 1 1 0 0 0 1 1 0 1 
0 1 1 1 1 0 1 1 0 0 1 1 
0 1 0 1 1 0 0 0 0 1 1 1 
1 0 0 1 1 0 0 1 0 1 1 1 
0 1 0 1 0 0 1 1 1 0 0 0 
1 0 1 0 0 0 1 0 3 1 1 0 
1 1 1 1 1 1 1 0 1 1 0 0 
0 1 0 0 0 1 1 1 1 0 1 1 
1 0 0 1 1 0 0 0 0 0 1 0 
0 1 0 1 0 0 1 0 0 1 0 1 
1 0 1 1 0 1 0 0 1 1 1 0 
0 1 1 0 1 1 0 0 1 1 1 1 
0 1 0 1 1 1 1 1 0 0 1 1 
19 7
0 1 1 1 0 1 1 1 1 1 1 0 0 0 1 1 2 1 1 
0 0 0 0 0 0 0 0 0 0 0 1 1 1 0 0 0 1 0 
0 0 0 0 1 1 0 1 0 0 0 0 0 0 0 1 0 1 1 
1 0 0 1 1 1 0 1 0 1 1 0 0 1 0 0 1 0 1 
0 0 1 1 1 0 1 0 0 0 1 1 1 1 0 1 0 0 0 
1 0 1 1 0 0 1 1 1 0 1 0 1 0 1 0 0 1 0 
0 0 0 0 0 0 0 1 1 1 1 1 3 0 1 0 1 1 1 
4 3
1 0 2 0 
0 3 1 0 
0 1 0 0 
3 9
0 1 1 
0 1 0 
0 1 1 
0 0 0 
0 0 1 
1 0 1 
0 1 0 
1 0 2 
3 0 1 
20 8
1 0 0 1 0 1 1 0 1 1 1 1 0 0 0 0 1 1 1 1 
1 0 0 0 0 3 0 1 1 1 2 1 0 1 1 0 1 1 0 1 
1 0 1 1 1 1 0 1 0 0 0 0 1 0 0 1 1 1 1 0 
1 1 1 0 0 1 1 0 1 0 1 1 0 1 1 1 0 0 0 0 
0 1 1 0 0 0 0 1 0 1 1 1 0 0 1 0 0 0 1 1 
1 1 0 1 0 0 1 1 1 0 1 0 0 0 0 0 0 1 1 1 
1 1 0 0 1 1 0 1 0 0 0 0 0 0 0 0 1 0 0 1 
0 0 0 1 1 0 0 1 0 1 0 1 1 0 1 1 1 0 1 1 
14 18
1 0 1 0 1 1 1 0 1 0 1 1 1 1 
0 1 1 1 1 0 1 0 0 0 0 0 1 1 
1 0 1 1 0 1 1 1 1 0 1 1 0 0 
1 0 0 0 1 1 0 1 0 1 0 1 1 1 
1 1 0 1 0 0 0 1 1 1 0 0 0 0 
1 1 0 0 1 0 1 1 0 0 0 1 1 0 
0 0 1 1 1 0 1 0 1 0 1 0 0 1 
0 1 0 0 0 0 1 0 0 1 0 0 1 1 
0 0 1 1 0 1 0 1 0 0 1 1 1 1 
0 0 1 1 1 0 1 1 1 1 0 1 0 0 
0 1 1 1 0 1 1 0 1 1 1 0 1 1 
0 1 0 1 3 2 0 1 0 1 1 0 1 0 
0 0 0 1 1 1 0 1 1 0 0 0 1 0 
0 0 0 1 0 0 0 1 1 0 1 0 1 1 
0 1 1 1 1 0 0 1 1 1 1 1 1 0 
1 0 0 1 0 0 0 1 0 1 1 0 0 0 
0 1 0 0 0 1 1 0 0 1 0 1 0 0 
1 0 1 0 1 1 1 1 1 1 1 0 1 1 
8 8
1 0 1 0 0 0 1 0 
1 1 1 0 0 1 0 0 
0 1 0 1 0 1 3 0 
1 0 0 0 1 1 1 0 
1 1 0 1 1 1 2 1 
0 0 1 1 0 1 0 0 
1 0 1 0 0 1 1 1 
0 1 0 0 1 0 0 1 
17 20
0 0 1 0 1 1 1 0 0 0 1 0 1 1 0 1 0 
1 0 0 0 0 0 0 1 0 0 1 1 0 1 1 0 1 
0 0 0 0 1 0 3 1 1 1 0 0 0 0 0 1 1 
2 1 1 0 0 1 1 1 1 1 1 1 0 0 0 1 0 
0 1 0 0 0 0 1 1 1 1 1 0 1 0 1 0 1 
1 1 0 1 1 1 1 0 1 0 0 0 1 0 0 0 0 
0 1 0 1 1 0 1 1 0 0 0 1 0 0 0 1 1 
1 1 0 0 0 0 1 0 0 1 1 1 1 0 1 1 1 
0 1 1 0 0 1 1 0 1 1 0 0 1 0 0 1 0 
0 0 1 1 1 0 1 1 0 0 0 0 1 1 1 0 1 
0 1 0 1 0 0 1 1 0 0 1 0 0 1 0 0 0 
0 1 1 0 0 1 1 0 0 0 0 1 0 1 1 0 0 
1 1 0 0 0 0 0 1 0 0 0 1 0 0 1 1 1 
1 1 0 0 0 0 0 0 1 0 1 0 0 1 1 1 1 
0 1 1 1 0 1 0 0 1 0 0 1 1 1 0 1 1 
0 1 0 0 1 1 1 1 1 1 0 0 1 1 1 1 0 
0 1 1 1 1 1 0 1 1 0 1 0 1 1 1 0 0 
1 1 0 1 1 0 0 0 0 0 1 0 0 0 1 0 0 
1 0 0 1 1 1 1 0 0 0 1 1 1 1 0 1 0 
1 1 0 1 0 1 0 0 1 1 0 1 0 0 1 0 0 
14 20
1 0 1 0 0 1 0 1 1 0 1 0 0 1 
1 0 1 1 1 0 1 0 1 0 1 1 1 1 
1 1 0 1 1 1 0 1 0 1 0 1 1 1 
1 1 0 1 1 1 1 1 1 1 0 1 1 1 
1 1 1 1 1 1 1 1 0 1 0 0 1 1 
1 1 0 1 1 1 1 0 0 0 0 0 1 1 
1 0 0 1 0 0 0 0 1 1 0 0 0 1 
0 0 0 0 0 1 0 0 1 1 1 0 1 1 
0 1 0 1 1 1 0 1 0 1 0 1 0 0 
0 0 1 1 1 0 1 0 0 1 0 0 0 0 
0 1 0 0 1 1 0 1 1 0 0 0 0 0 
1 1 0 0 0 0 1 1 1 0 0 0 1 0 
0 1 0 0 2 1 0 1 0 1 0 1 0 1 
0 0 1 0 1 1 0 0 1 0 1 0 0 1 
0 0 0 1 1 0 0 1 0 1 0 0 0 1 
1 0 1 1 1 1 0 0 1 1 1 1 0 0 
0 1 1 1 0 0 1 1 1 1 0 0 0 1 
1 1 0 0 0 1 1 3 0 0 0 0 0 1 
1 1 1 0 0 0 1 0 0 1 0 0 1 0 
0 0 0 0 1 1 1 0 0 1 1 1 1 0 
17 8
0 1 1 0 0 1 0 1 0 3 1 0 1 0 1 0 0 
1 0 0 0 1 1 1 0 0 1 0 1 1 0 1 0 0 
0 0 0 1 1 0 1 2 1 0 0 1 1 1 1 0 1 
0 1 0 1 1 1 1 1 0 0 0 0 0 1 0 0 0 
0 1 0 0 1 1 0 1 0 0 1 0 1 0 0 0 0 
1 1 0 1 0 0 0 1 0 0 1 1 1 1 1 0 0 
0 0 0 1 1 0 0 0 0 1 1 1 1 1 1 0 1 
1 1 0 0 1 1 1 0 0 1 0 1 1 0 0 0 1 
19 12
1 1 1 0 0 0 0 1 1 0 1 0 1 0 0 1 1 1 0 
0 0 0 0 1 0 1 0 1 1 0 1 1 1 1 1 0 1 0 
0 0 1 0 1 0 0 1 1 1 0 0 1 1 0 0 1 1 1 
1 1 0 0 1 1 1 1 1 1 1 1 1 1 1 0 0 0 0 
1 0 0 0 1 0 1 0 1 0 0 1 0 1 1 1 0 0 1 
0 1 1 1 1 0 0 0 0 1 1 1 1 1 1 0 0 0 0 
0 0 1 0 1 1 1 1 1 1 0 0 1 1 0 1 0 0 0 
1 1 1 0 0 1 1 1 0 1 1 1 0 0 0 1 1 1 1 
1 0 0 0 1 1 0 0 0 0 0 0 0 1 1 1 1 0 0 
0 0 0 0 0 1 0 0 1 0 0 0 1 0 0 2 0 0 0 
0 1 0 0 0 1 1 1 0 0 0 1 0 0 3 0 0 1 1 
1 1 1 1 0 0 0 1 0 0 1 1 1 0 0 0 0 0 1 
14 1
1 0 0 2 1 3 0 1 0 0 1 1 1 1 
8 10
0 0 1 1 1 1 1 1 
0 1 0 0 0 1 1 0 
1 0 0 1 1 0 1 0 
0 1 0 0 0 1 0 1 
0 0 0 0 0 0 1 0 
1 0 0 1 0 1 1 0 
1 1 0 0 1 0 1 0 
0 1 1 2 3 0 1 0 
1 0 1 0 1 1 1 1 
0 0 0 0 1 1 1 1 
2 14
1 1 
0 1 
0 1 
2 1 
0 1 
0 0 
1 0 
1 0 
1 0 
0 0 
0 0 
1 0 
1 0 
0 3 
18 9
0 0 1 0 1 0 0 0 1 1 1 0 0 1 1 0 1 1 
0 1 0 1 1 0 1 0 0 0 0 0 1 1 0 0 1 0 
0 1 1 1 1 1 1 0 0 1 1 1 1 0 1 0 0 0 
0 0 1 1 1 1 0 0 1 0 0 0 0 1 1 1 1 1 
1 1 0 0 0 0 1 0 0 1 1 0 1 0 1 1 0 3 
0 1 1 0 0 1 0 1 1 0 1 0 0 1 0 2 0 1 
0 1 0 0 0 0 0 0 1 1 1 1 1 0 0 0 1 1 
0 1 0 1 0 1 0 1 0 1 0 1 1 0 0 0 0 1 
0 0 0 0 1 1 0 0 1 1 1 0 0 1 1 1 0 0 
5 2
0 0 0 1 1 
1 0 2 1 3 
17 3
1 1 3 0 0 1 2 1 0 0 0 1 0 1 0 1 1 
0 1 0 1 0 1 0 0 0 1 1 1 0 0 1 0 0 
1 0 1 0 0 0 1 0 1 0 1 0 1 1 1 1 0 
6 20
0 1 1 0 1 1 
0 1 0 1 0 1 
0 1 1 0 0 1 
1 0 0 1 0 0 
0 1 3 0 0 1 
1 1 1 2 0 1 
0 1 0 0 1 0 
0 0 1 1 0 0 
1 1 1 0 1 1 
0 1 1 0 0 0 
1 1 0 1 1 1 
0 0 0 0 0 1 
1 0 1 0 1 0 
1 0 0 0 1 0 
0 0 0 1 1 0 
1 1 1 1 0 1 
0 0 0 0 0 0 
1 1 1 0 0 1 
1 0 0 0 1 0 
1 0 1 1 0 0 
10 4
0 0 1 0 0 0 0 0 1 0 
1 1 1 0 1 0 0 0 0 2 
0 1 0 1 0 0 1 0 1 3 
0 0 0 1 0 0 1 0 1 1 
3 4
0 0 1 
3 0 1 
1 0 1 
2 1 0 
11 17
0 1 1 0 0 1 0 0 0 1 1 
1 1 0 0 0 0 1 0 0 0 1 
1 1 1 0 1 1 0 1 1 1 1 
0 0 1 1 0 2 1 0 0 1 0 
1 0 1 1 1 1 0 0 0 1 0 
1 0 0 3 1 0 1 1 0 1 1 
1 0 1 0 0 1 0 0 0 0 1 
0 0 1 1 0 0 0 0 1 1 0 
1 0 1 0 1 0 0 0 1 1 0 
0 0 1 0 1 0 1 0 1 1 1 
0 0 1 0 1 0 1 1 1 1 0 
1 1 1 1 0 1 0 0 0 1 0 
1 0 0 1 0 1 0 1 1 1 0 
1 0 1 0 0 1 1 1 1 1 1 
0 1 0 1 0 0 1 1 1 0 1 
1 1 1 1 0 0 1 1 1 1 1 
1 1 1 0 0 0 0 0 0 1 1 
8 16
1 0 0 1 0 0 1 1 
1 1 1 1 0 1 0 0 
0 0 0 1 0 1 0 1 
1 1 0 0 0 0 0 0 
1 1 0 1 0 0 0 0 
1 0 0 0 1 0 0 1 
0 1 0 1 0 0 1 0 
0 0 0 0 1 0 0 0 
0 1 1 0 0 0 0 0 
1 1 0 1 1 1 1 1 
0 0 1 0 0 0 0 0 
1 1 0 1 0 0 2 1 
1 1 1 0 1 0 1 1 
1 1 0 1 1 0 0 0 
1 0 0 0 1 1 0 1 
0 0 0 1 1 3 0 1 
20 3
1 1 1 1 0 1 1 1 1 0 0 0 0 0 0 0 1 0 0 1 
0 0 0 0 0 1 0 1 0 0 0 0 0 1 1 0 1 1 1 0 
1 1 1 1 0 1 1 2 0 1 1 1 1 3 1 0 1 0 1 0 
14 13
1 0 1 1 1 0 1 1 0 0 1 0 1 1 
0 1 1 0 0 0 1 0 0 0 1 0 1 1 
0 0 1 0 1 0 0 0 1 0 1 0 0 3 
0 1 1 1 0 1 1 1 1 1 0 1 1 0 
1 1 1 0 1 0 1 0 1 1 0 0 1 1 
0 0 0 0 0 1 1 1 0 1 0 0 1 1 
1 0 1 1 0 0 1 1 1 0 0 1 1 0 
0 1 0 1 0 0 1 1 1 1 1 1 1 1 
0 1 1 1 1 1 1 1 0 0 0 1 1 1 
1 0 0 0 1 1 0 0 0 0 1 1 1 0 
1 1 0 1 0 0 0 0 1 1 1 1 1 0 
0 0 0 1 1 2 0 1 0 1 0 0 1 1 
1 0 1 1 1 0 1 0 0 0 0 0 0 1 
0 0
