18 1
1 1 0 1 0 0 0 1 1 0 1 1 3 1 1 2 0 0 
12 14
1 0 0 1 0 1 1 1 1 0 0 0 
0 1 1 0 0 1 1 0 1 1 1 0 
1 1 0 1 0 1 1 0 0 1 0 0 
0 0 1 1 0 0 0 1 0 0 1 0 
1 1 1 1 3 0 0 0 1 1 0 0 
1 1 1 0 1 0 2 1 1 1 1 0 
0 0 1 1 1 0 0 0 1 1 0 0 
1 1 0 1 1 1 1 1 0 0 1 1 
1 1 0 0 1 0 0 1 0 1 1 1 
0 0 0 0 0 0 0 0 0 0 1 0 
0 0 0 1 1 0 1 0 0 0 0 1 
0 1 1 0 1 1 1 0 0 1 0 1 
1 0 0 1 1 1 1 0 0 1 0 1 
1 0 1 0 1 1 1 0 0 0 1 1 
10 3
0 1 0 3 0 0 2 0 1 1 
1 1 0 0 1 0 0 1 1 0 
0 0 0 1 1 1 0 0 1 0 
8 6
0 0 1 1 1 1 1 1 
0 0 2 0 1 1 0 0 
0 1 3 0 1 0 0 1 
1 1 0 0 1 1 1 0 
0 0 0 1 1 0 0 1 
0 1 1 0 1 1 1 1 
9 8
0 0 1 1 1 0 2 0 0 
1 0 1 1 1 1 0 1 0 
1 1 0 1 0 1 1 0 1 
1 0 1 1 1 1 0 1 1 
1 1 0 0 1 1 1 1 0 
1 0 1 1 0 0 1 0 1 
1 3 0 0 0 1 1 1 0 
1 1 1 0 1 1 1 1 1 
8 19
0 0 1 0 0 0 1 0 
0 0 1 0 1 0 0 1 
0 1 0 1 0 0 1 1 
1 1 1 2 1 1 1 0 
1 0 0 0 0 0 1 0 
0 0 0 0 1 1 1 1 
1 0 0 1 1 0 0 1 
0 0 0 0 1 0 1 1 
0 0 1 0 0 1 0 0 
0 1 0 1 1 1 1 0 
0 1 0 0 0 1 1 0 
1 1 1 1 0 1 1 1 
1 0 0 0 0 1 0 1 
0 1 1 0 0 1 1 0 
1 0 0 0 0 1 0 1 
1 0 0 0 0 1 0 1 
1 0 3 1 1 0 1 1 
0 0 1 1 1 1 1 1 
1 1 0 1 0 0 0 0 
3 3
0 0 0 
1 2 0 
3 1 0 
11 14
1 0 0 0 1 1 1 0 1 0 1 
0 1 1 1 1 1 1 1 1 1 0 
0 0 1 1 1 1 1 0 0 0 1 
0 0 0 1 1 1 1 0 0 0 3 
0 0 1 1 1 1 0 0 1 1 0 
0 1 0 0 0 0 1 1 0 1 0 
0 0 0 0 0 0 1 1 0 1 1 
0 2 1 1 1 1 0 0 0 1 1 
1 1 0 1 0 1 0 1 1 0 0 
1 0 0 1 0 1 0 1 1 0 0 
0 0 0 1 1 1 0 0 1 1 1 
1 1 1 0 0 1 1 1 0 0 1 
1 1 0 0 1 0 0 0 1 1 0 
0 1 0 1 0 1 0 1 1 0 0 
5 2
0 3 1 1 1 
1 2 1 0 0 
19 14
1 1 1 0 1 0 0 1 0 0 1 1 0 1 0 1 1 0 0 
0 1 1 1 0 1 1 0 1 1 1 0 1 0 1 1 0 0 0 
1 1 0 1 1 0 1 0 0 0 0 0 1 0 1 1 1 1 1 
1 1 1 1 0 0 1 0 0 1 0 1 0 1 1 0 0 1 1 
0 1 1 0 1 0 0 1 0 0 1 1 1 0 1 1 1 1 1 
0 0 0 0 1 1 0 0 2 0 0 1 1 0 0 0 1 1 1 
0 1 0 1 0 1 0 0 1 0 1 1 0 1 1 0 0 1 1 
0 1 0 0 1 1 0 0 0 1 1 0 1 1 1 0 1 0 1 
0 0 1 1 1 1 1 1 1 1 0 0 1 0 0 1 1 0 1 
0 1 0 0 1 0 1 1 1 1 1 0 0 0 1 1 0 0 1 
0 1 0 0 1 1 1 0 0 1 0 1 3 0 1 1 0 0 0 
0 0 1 0 1 0 1 1 1 1 1 0 0 0 1 0 1 1 1 
0 1 0 0 1 0 1 1 1 1 0 0 1 1 0 1 0 0 0 
1 0 0 0 0 1 1 1 1 1 1 0 1 0 1 0 0 0 0 
13 18
0 1 1 1 0 0 1 0 0 0 1 0 1 
0 0 1 1 1 0 0 1 1 1 0 1 1 
0 0 0 1 1 0 0 2 1 1 0 0 0 
1 1 1 0 1 1 1 1 1 0 1 1 1 
0 0 0 1 1 1 0 1 0 1 0 1 0 
0 0 0 1 0 1 0 1 0 1 1 1 0 
1 1 0 0 1 0 1 1 0 0 0 1 0 
1 0 0 1 1 0 0 1 1 0 0 1 1 
0 1 0 1 1 0 1 1 0 0 0 1 0 
0 1 0 1 0 0 1 1 1 0 0 1 1 
0 0 1 0 0 1 0 1 1 1 1 0 1 
0 1 0 0 0 0 1 1 0 1 1 1 0 
1 1 0 0 0 1 1 1 0 1 1 0 0 
0 0 0 0 0 0 1 0 1 0 1 0 1 
0 1 1 0 1 1 1 1 0 1 1 0 1 
0 0 1 0 1 0 1 0 0 1 1 0 0 
1 1 1 0 3 1 0 0 0 1 0 1 0 
1 1 1 1 0 0 1 1 0 1 1 1 1 
13 3
1 0 0 0 1 0 1 2 0 0 0 0 0 
1 0 1 0 0 0 1 1 3 1 1 1 0 
1 0 0 0 0 1 0 0 1 1 0 1 0 
4 11
3 1 1 0 
1 0 1 1 
0 0 1 1 
1 1 1 0 
1 0 2 0 
1 1 0 1 
0 1 0 0 
1 0 0 1 
1 0 0 1 
0 1 1 0 
0 1 0 1 
13 11
1 0 1 1 1 1 1 0 1 0 0 0 0 
0 1 0 1 0 0 0 1 1 0 1 0 0 
1 0 0 1 0 0 1 1 1 0 0 1 1 
1 0 0 1 0 1 0 1 0 0 0 0 1 
1 0 0 1 3 1 0 1 0 1 0 0 1 
0 1 1 1 1 1 0 0 1 0 0 1 1 
0 0 0 0 0 1 0 1 0 1 0 1 1 
1 0 0 0 1 1 0 0 0 1 0 1 1 
0 1 1 1 0 1 1 1 1 0 1 0 0 
1 1 1 1 1 0 0 0 2 1 1 1 0 
1 1 1 1 1 1 1 1 0 1 0 1 1 
16 17
1 1 1 0 0 1 0 0 0 1 0 1 0 0 0 1 
0 0 1 1 0 1 1 1 1 3 0 1 1 1 0 1 
0 0 1 1 1 0 0 0 0 1 0 1 0 1 1 0 
0 0 1 0 1 0 1 0 1 0 1 1 0 0 1 0 
0 1 1 1 1 0 1 1 1 1 1 0 1 0 0 1 
1 0 0 0 0 0 0 1 0 0 1 1 1 1 0 0 
1 0 1 1 1 1 0 1 1 0 0 0 1 1 0 1 
1 1 0 0 0 1 1 0 1 1 0 1 0 0 1 0 
1 0 1 1 1 1 2 1 0 1 0 0 1 0 1 0 
1 1 1 1 1 1 1 1 1 1 1 1 0 1 0 0 
1 0 0 0 1 0 0 1 0 0 0 1 1 0 1 1 
1 1 0 0 1 1 1 0 0 0 0 0 0 0 0 0 
1 1 1 0 0 0 0 0 1 1 0 1 0 1 0 1 
0 1 1 0 1 0 0 0 0 1 1 0 1 0 0 1 
1 0 1 1 0 1 0 1 1 0 0 1 0 1 0 1 
0 0 1 0 1 1 0 1 1 1 0 1 0 0 1 1 
0 1 0 1 1 0 0 0 0 1 0 1 0 0 0 1 
16 6
0 1 1 0 0 1 0 1 0 2 1 1 1 0 0 1 
0 0 0 0 1 1 1 0 1 0 1 1 1 0 1 0 
1 0 0 1 0 0 0 1 0 0 1 1 1 1 3 0 
0 0 1 0 1 1 1 1 1 0 1 0 1 0 0 1 
0 1 0 0 1 0 0 1 0 1 0 0 1 1 1 1 
1 0 1 0 0 0 0 0 1 1 1 1 0 0 1 1 
17 20
1 0 1 1 0 1 1 1 0 1 0 0 1 0 1 0 1 
0 0 1 1 1 0 1 0 0 1 0 1 0 1 0 1 1 
0 1 0 0 1 0 1 0 1 0 0 1 0 1 0 1 0 
1 1 0 1 1 0 0 1 0 0 0 0 0 1 0 1 0 
0 0 1 1 0 0 1 1 0 0 1 1 0 0 1 1 1 
0 1 0 0 0 0 0 0 0 1 1 0 0 0 0 1 0 
1 1 0 1 1 1 1 1 0 1 1 0 1 1 0 1 0 
0 1 0 1 1 0 1 1 0 0 0 0 0 0 1 1 0 
0 1 1 1 0 0 0 1 1 0 1 1 0 0 1 0 0 
1 0 0 0 0 1 0 0 1 0 1 0 1 0 0 0 0 
0 0 0 1 1 0 0 1 0 1 0 0 0 1 0 1 1 
0 0 0 0 1 1 1 1 1 0 0 1 1 1 1 0 1 
0 0 0 0 1 1 0 0 0 1 0 0 0 1 0 1 0 
0 0 1 1 0 1 0 0 1 0 0 0 0 0 0 1 1 
1 1 1 1 0 0 0 1 0 1 0 1 0 0 1 1 0 
1 0 1 1 0 0 0 1 0 1 0 0 1 0 0 0 1 
0 1 1 1 1 0 0 0 0 0 0 1 1 0 1 1 2 
0 3 1 0 1 0 1 1 1 0 0 0 0 0 1 0 1 
1 0 0 1 0 1 1 0 0 0 1 0 0 0 1 0 1 
0 1 0 0 1 0 1 0 0 0 0 1 0 1 1 1 0 
18 13
1 1 1 1 1 0 1 0 0 0 1 0 0 0 0 1 0 1 
1 0 0 1 1 0 2 0 0 1 0 0 1 1 1 0 1 0 
1 0 0 1 0 0 1 0 1 1 1 1 0 0 0 0 0 1 
1 0 1 0 0 0 0 0 0 1 1 0 1 0 1 1 0 1 
0 0 0 0 0 0 0 1 1 1 1 1 1 1 1 1 1 1 
0 1 0 1 1 0 1 0 1 0 0 0 0 1 1 0 1 1 
0 1 1 1 0 1 0 0 0 0 1 1 1 1 1 1 1 1 
0 1 1 1 0 0 1 1 1 0 1 0 1 1 0 0 1 0 
0 0 0 1 0 0 0 0 1 1 0 1 1 1 0 1 1 1 
0 1 1 1 1 1 1 1 1 1 0 1 0 0 0 0 0 0 
0 0 1 1 1 0 0 0 0 1 1 1 0 0 1 3 0 1 
0 0 1 1 0 0 0 1 1 1 0 0 1 0 0 0 1 0 
0 0 0 0 1 1 0 0 1 0 1 1 0 0 0 0 0 0 
13 19
1 0 0 0 0 0 1 1 0 1 0 1 0 
1 0 0 2 1 1 0 1 0 0 1 1 1 
0 1 1 1 0 0 1 1 1 0 0 1 0 
1 1 0 0 1 1 0 0 0 0 1 0 1 
0 0 1 0 0 1 1 1 1 0 0 0 1 
1 0 1 0 0 0 1 0 0 3 1 1 0 
0 1 0 0 0 1 1 0 0 1 1 0 1 
1 1 1 1 1 0 0 0 1 0 1 1 1 
0 0 1 1 0 1 0 0 1 1 0 0 0 
0 0 0 1 0 0 0 1 0 1 1 0 1 
1 0 1 0 1 0 1 1 0 1 0 1 1 
1 0 1 1 0 0 1 1 1 0 0 1 0 
1 0 0 1 0 1 1 1 0 0 1 1 1 
1 1 0 1 0 0 1 1 1 0 0 0 1 
0 1 1 0 1 1 1 1 1 1 0 1 0 
1 0 0 1 0 1 0 1 1 0 1 1 0 
1 1 1 1 0 0 1 0 1 0 0 0 0 
0 1 1 0 0 1 1 0 1 0 1 0 1 
0 0 0 0 0 1 1 0 0 0 0 1 0 
7 4
2 0 1 1 0 0 0 
0 1 3 0 1 0 0 
0 1 0 1 0 1 1 
1 1 1 1 1 0 1 
13 13
0 1 0 1 0 1 1 3 1 0 1 0 0 
1 1 1 1 0 1 0 0 0 0 1 0 0 
1 0 0 1 1 0 1 1 0 0 0 0 0 
0 0 0 0 1 1 1 0 0 1 1 0 1 
2 1 0 1 0 0 0 0 0 1 0 0 0 
0 1 0 0 1 1 0 0 1 0 0 0 1 
0 1 0 1 0 0 0 1 0 1 0 1 1 
1 0 1 1 0 1 1 1 1 0 1 1 1 
0 1 0 0 0 0 1 0 1 0 0 1 0 
0 1 0 1 0 0 0 0 0 0 0 1 1 
0 1 0 0 0 0 1 0 0 1 1 0 1 
0 1 1 1 1 1 0 0 0 1 1 0 1 
1 1 1 1 1 0 1 1 1 1 1 0 0 
8 19
1 1 1 0 1 1 0 0 
0 0 0 1 0 0 1 1 
0 0 0 0 1 0 0 0 
0 0 1 1 1 0 0 1 
0 0 1 1 0 0 0 1 
0 0 1 1 1 0 1 0 
1 1 1 0 0 0 1 0 
0 0 1 1 1 1 0 0 
0 0 0 1 1 1 1 1 
1 0 0 1 1 1 1 1 
1 0 0 0 0 0 0 1 
1 0 0 1 0 1 1 0 
0 1 1 1 1 1 1 0 
1 0 0 0 0 1 1 1 
0 0 0 0 1 1 1 1 
1 0 2 1 0 0 0 0 
0 0 1 0 0 0 0 1 
1 0 1 1 1 0 0 1 
0 1 3 1 0 0 0 0 
8 5
0 0 1 0 0 0 1 0 
1 0 0 1 0 0 1 0 
1 1 0 1 0 1 1 1 
0 1 1 0 0 0 1 0 
3 0 0 1 1 1 1 2 
5 14
0 0 1 1 0 
0 0 0 3 1 
0 0 0 0 1 
0 1 0 1 1 
1 1 1 0 1 
0 0 0 1 0 
0 2 0 1 0 
1 0 0 1 0 
1 0 0 1 0 
0 0 1 1 1 
1 1 1 0 1 
1 0 1 1 0 
1 1 0 1 1 
0 0 1 1 0 
6 2
0 1 1 1 0 2 
1 3 0 1 0 0 
11 1
0 1 1 0 0 1 0 3 0 0 2 
8 6
0 0 0 1 1 0 0 1 
1 0 1 1 1 0 1 3 
1 1 0 1 1 1 0 0 
0 0 0 0 2 0 1 0 
1 1 1 0 0 0 0 0 
0 0 0 1 0 0 0 0 
7 15
0 1 0 0 1 1 1 
0 3 1 1 1 1 0 
1 2 0 1 0 1 0 
1 0 0 1 1 0 1 
0 1 0 1 1 1 1 
1 0 1 1 1 1 1 
1 0 1 0 1 0 1 
0 1 0 0 0 0 0 
1 1 1 1 1 0 1 
1 0 1 0 0 0 1 
0 1 1 0 1 1 1 
0 0 0 0 0 0 1 
1 1 0 0 0 0 1 
0 1 0 0 0 0 1 
1 0 1 0 0 0 1 
14 6
0 1 1 1 0 3 1 0 1 0 1 0 0 0 
0 1 0 1 1 1 0 0 0 1 0 1 1 0 
1 0 1 1 0 1 1 0 0 1 0 1 1 1 
0 1 1 1 0 1 1 1 0 0 0 1 0 1 
0 0 0 0 1 2 1 1 0 0 1 0 1 1 
0 0 1 0 1 0 1 1 0 0 0 1 1 0 
11 4
0 1 0 0 0 0 1 1 1 3 0 
1 0 0 0 0 1 1 0 1 0 1 
1 0 0 0 0 1 1 0 1 1 1 
1 0 1 1 1 0 0 0 0 2 0 
4 17
0 1 1 1 
1 1 1 1 
1 0 0 3 
0 1 0 1 
0 1 0 1 
0 2 1 0 
0 1 1 1 
1 1 1 1 
1 1 1 0 
0 0 1 0 
1 1 1 1 
1 1 1 0 
0 1 0 0 
0 0 0 1 
1 1 0 0 
0 0 1 0 
0 1 1 0 
5 9
0 0 1 1 0 
1 0 0 2 0 
1 1 1 0 0 
0 0 1 0 0 
1 1 0 0 3 
1 0 0 1 1 
0 1 1 1 1 
0 0 0 0 0 
0 0 0 0 0 
2 16
0 1 
1 0 
1 1 
0 0 
1 0 
0 1 
0 0 
1 0 
1 0 
1 1 
1 1 
3 0 
0 1 
0 1 
1 2 
1 0 
7 17
1 0 0 0 1 0 0 
1 0 0 0 1 0 1 
1 1 1 0 0 0 0 
1 1 0 0 1 1 1 
1 1 0 1 0 1 0 
1 1 0 0 0 0 1 
1 0 0 1 0 1 1 
1 0 0 1 0 0 0 
0 0 0 1 1 2 1 
0 0 1 1 0 1 0 
0 0 0 1 1 1 1 
1 0 0 1 0 0 1 
0 1 0 0 0 1 1 
1 0 1 1 1 0 1 
1 1 1 0 0 1 0 
0 0 3 0 0 0 0 
1 0 0 1 1 1 1 
17 16
1 1 0 1 1 0 1 0 1 0 0 0 0 0 0 1 1 
1 1 0 1 0 0 1 1 0 0 0 3 0 1 1 1 0 
0 0 0 0 1 1 0 1 0 0 1 1 1 1 1 0 1 
1 1 1 1 0 1 0 0 1 1 1 0 1 1 0 0 0 
0 0 1 0 0 1 0 1 0 0 0 0 1 1 0 0 1 
0 0 0 1 1 0 0 0 1 1 1 1 0 0 0 1 1 
0 1 1 0 0 1 1 1 1 0 0 1 1 0 0 1 1 
0 0 0 0 1 1 0 1 0 0 0 0 0 0 0 1 1 
0 0 0 0 0 1 0 1 0 0 1 0 0 1 0 0 1 
0 0 0 2 0 0 0 0 1 0 1 1 0 1 0 1 0 
1 1 1 0 1 0 0 0 0 1 1 0 1 0 0 0 0 
1 1 1 0 1 0 1 1 1 0 1 1 0 0 1 0 0 
0 0 1 0 0 1 1 1 1 1 0 1 0 0 1 0 1 
0 0 0 0 1 0 1 0 1 1 0 1 0 1 0 0 1 
0 1 0 1 1 1 0 1 0 0 0 0 0 0 1 1 0 
1 1 1 0 0 0 1 1 1 0 1 1 0 1 1 1 0 
4 13
0 1 0 1 
1 0 0 1 
0 1 0 1 
1 0 1 1 
3 0 1 1 
1 0 1 0 
1 1 1 1 
0 0 0 1 
1 1 0 0 
0 0 1 1 
1 1 0 0 
0 0 0 0 
1 2 0 1 
15 15
0 0 0 0 0 0 0 1 0 0 1 1 0 1 0 
1 1 1 0 0 0 0 1 1 1 1 1 0 0 0 
1 1 0 1 1 1 1 0 0 1 1 0 1 0 1 
1 0 1 1 0 1 0 1 0 0 0 0 1 0 1 
0 1 0 1 1 0 0 0 0 0 0 1 1 0 1 
0 0 1 0 1 0 0 1 1 1 1 1 1 1 0 
1 0 0 1 1 0 0 1 1 1 0 0 1 0 0 
1 1 0 1 1 0 0 0 1 0 0 0 1 1 0 
1 0 0 0 1 0 1 0 1 1 0 1 0 1 0 
0 1 1 0 1 1 0 1 1 0 0 0 1 0 0 
1 0 0 0 1 0 1 1 1 0 0 0 0 1 0 
0 0 0 1 1 0 1 0 1 0 0 1 0 1 1 
0 0 1 0 0 0 0 1 1 0 1 1 1 0 0 
0 0 1 1 0 1 0 1 3 0 1 0 0 2 1 
0 0 1 1 1 0 0 0 0 1 0 0 0 1 0 
11 9
0 1 0 0 0 0 0 1 0 1 1 
1 0 0 0 1 0 0 1 1 1 0 
2 1 1 0 1 1 0 1 1 0 0 
0 1 0 1 1 0 1 1 1 3 1 
0 1 1 1 0 1 0 0 0 1 1 
1 1 0 1 0 0 1 0 0 1 1 
1 0 0 0 0 0 0 1 1 1 0 
0 1 0 1 0 0 0 1 1 0 1 
1 1 0 0 0 1 1 0 1 0 0 
17 2
0 1 0 0 0 1 0 1 0 0 0 0 0 0 0 1 1 
0 1 0 1 0 1 1 1 3 1 1 0 1 1 1 0 2 
19 13
0 0 1 1 1 0 1 1 0 0 1 1 0 1 0 1 0 0 1 
0 1 1 0 0 1 1 0 0 0 0 0 1 0 0 1 0 1 0 
1 0 0 1 1 1 0 0 0 1 0 0 1 0 0 0 1 1 1 
0 0 1 0 1 0 0 0 1 1 0 0 0 1 0 0 1 1 1 
0 0 0 0 0 0 1 0 0 0 1 0 0 1 0 1 0 0 0 
0 1 0 0 1 0 1 1 0 1 0 0 0 0 0 1 1 1 1 
0 0 1 0 0 1 0 0 0 1 0 1 1 1 0 0 1 0 0 
0 1 0 0 0 0 0 0 1 0 0 0 1 0 0 0 0 0 0 
0 0 0 0 0 0 1 2 1 0 0 0 0 1 0 0 1 0 1 
0 0 1 1 1 1 1 0 1 1 1 1 1 1 1 0 0 1 0 
1 1 0 0 1 0 0 1 1 1 3 1 0 0 0 1 0 0 1 
1 0 0 1 0 0 0 1 1 0 1 0 1 1 1 1 1 0 0 
1 1 0 1 0 0 0 0 1 0 0 0 1 0 1 0 1 1 0 
13 18
0 1 1 1 1 0 1 1 0 0 0 1 1 
1 1 1 0 0 1 1 1 1 1 1 0 1 
1 0 0 1 1 0 0 1 1 0 1 1 1 
1 1 1 1 0 1 0 1 1 1 0 1 0 
1 1 0 1 0 0 0 0 1 1 1 1 1 
1 3 1 1 0 0 1 0 0 0 1 1 0 
1 1 0 1 0 1 0 0 1 1 0 1 0 
0 1 1 1 1 0 0 0 0 0 1 1 0 
0 0 1 0 1 0 0 1 1 1 0 0 1 
1 0 0 1 1 1 0 0 0 1 1 0 1 
0 1 1 0 1 1 1 1 1 0 1 1 1 
1 0 1 0 1 0 1 0 1 1 0 0 1 
1 0 1 1 0 0 0 0 1 1 0 0 1 
1 1 0 1 0 0 1 1 0 1 0 0 1 
0 1 1 0 0 1 1 0 0 1 0 1 2 
0 1 1 1 1 1 1 0 1 0 1 0 1 
1 1 0 1 0 1 0 1 1 0 1 0 0 
1 1 1 1 1 0 1 0 1 0 1 0 0 
13 17
0 1 0 1 1 0 1 1 1 1 1 0 0 
1 0 0 0 1 1 1 1 1 0 0 0 1 
0 1 1 1 1 0 0 0 0 1 1 1 1 
0 1 0 0 0 0 0 1 0 1 1 1 0 
0 1 1 1 1 0 3 1 1 0 1 0 0 
0 0 1 0 1 0 0 0 0 1 0 1 0 
1 1 0 1 1 0 1 1 1 1 0 1 1 
0 1 1 0 1 0 1 0 1 1 1 1 1 
0 1 0 1 0 1 1 0 1 0 0 1 1 
1 0 0 1 0 0 0 1 0 1 0 1 1 
1 0 1 0 0 0 1 0 0 1 0 1 0 
1 0 1 1 0 1 0 0 0 0 0 1 1 
1 1 0 1 1 0 0 1 0 1 0 0 1 
1 1 1 0 1 0 0 1 1 0 0 0 1 
0 0 0 0 0 1 1 0 0 0 0 0 1 
0 0 1 0 0 1 0 0 0 1 1 1 0 
1 0 0 0 1 1 0 0 1 1 1 0 2 
5 13
0 0 0 0 1 
0 0 0 0 0 
0 0 0 0 1 
0 1 0 1 0 
0 0 0 0 0 
0 0 1 1 1 
0 1 1 0 0 
1 0 0 3 2 
1 0 1 1 1 
0 0 0 0 1 
1 0 0 0 1 
1 1 1 1 1 
1 1 0 0 0 
8 13
1 1 1 0 3 1 1 0 
0 0 0 0 0 0 1 0 
1 0 1 0 1 1 0 0 
0 1 0 0 0 0 0 1 
1 1 1 0 0 0 1 0 
0 1 1 1 1 1 1 0 
1 1 0 0 0 1 0 1 
0 1 0 0 1 2 1 0 
1 1 0 1 0 0 0 0 
0 0 0 1 0 0 1 0 
0 1 0 1 1 1 1 1 
0 0 1 1 1 0 1 1 
0 1 1 1 1 0 1 0 
8 15
1 1 1 0 1 1 0 0 
0 0 0 1 1 1 1 0 
0 2 0 0 1 0 1 3 
1 1 0 1 0 1 1 0 
0 0 1 0 0 1 1 0 
0 1 0 0 0 1 1 1 
1 1 1 1 1 1 1 0 
0 1 1 0 1 0 0 1 
1 1 0 0 0 0 0 1 
1 0 0 0 1 1 0 1 
0 0 1 1 1 0 0 0 
0 1 1 1 1 0 1 1 
0 1 0 1 0 1 0 0 
0 0 0 0 1 1 0 0 
0 1 1 0 1 0 0 0 
14 16
1 0 1 0 1 0 0 0 0 1 0 0 0 1 
1 1 1 0 1 0 1 0 1 1 0 1 1 1 
1 0 1 1 1 1 0 1 1 0 1 1 1 0 
1 0 1 1 0 0 0 0 0 0 0 0 0 0 
0 1 1 1 1 1 0 0 0 0 1 0 0 0 
0 1 1 1 0 1 1 0 0 1 0 0 0 0 
0 1 0 0 1 0 0 1 0 1 1 1 1 1 
0 1 0 1 0 1 0 0 0 0 0 0 0 0 
0 0 0 1 0 1 0 0 0 0 1 1 3 0 
1 0 1 1 1 1 1 0 1 1 0 0 0 1 
1 1 0 0 0 1 1 0 0 1 0 1 1 0 
0 0 0 0 1 1 0 0 0 0 1 1 1 0 
0 1 0 1 1 1 1 1 0 0 0 1 0 1 
0 0 0 1 1 1 0 1 1 1 0 1 1 0 
0 1 1 0 0 0 2 1 1 0 1 1 0 0 
1 1 0 1 0 0 1 0 1 0 1 0 0 0 
10 10
1 0 0 1 0 0 1 0 1 1 
0 3 1 1 0 0 1 1 0 1 
1 1 1 0 0 0 1 0 0 0 
0 0 0 0 0 1 1 0 0 1 
0 0 0 0 0 1 0 1 1 2 
0 1 1 1 0 1 1 0 0 1 
0 0 1 1 1 0 0 1 1 1 
0 0 1 1 1 0 0 0 1 1 
1 1 1 1 1 0 0 1 0 1 
1 1 0 1 1 0 0 1 0 0 
20 13
1 1 0 0 1 0 0 0 1 1 0 1 0 0 1 0 0 0 0 1 
0 1 1 0 1 1 1 1 0 1 1 0 0 1 0 1 0 1 1 1 
0 1 0 1 1 0 1 1 0 1 0 0 1 1 0 1 1 1 1 0 
0 1 0 1 0 1 0 1 1 1 0 1 1 1 1 1 1 0 1 1 
0 1 0 1 1 1 0 1 1 0 1 1 0 0 1 1 0 0 1 1 
0 0 1 1 1 0 0 1 1 0 1 1 1 1 0 1 0 1 1 0 
1 1 0 0 0 0 1 0 0 0 0 1 0 0 0 0 0 1 0 0 
0 0 1 1 1 1 1 0 0 1 1 0 0 0 0 0 1 0 1 0 
0 0 0 0 0 0 1 0 1 0 0 0 0 0 0 0 1 0 1 0 
1 0 1 0 0 1 0 1 1 1 0 1 0 1 1 0 0 0 0 0 
0 1 1 1 0 0 0 1 1 1 1 0 0 0 0 0 1 1 0 1 
0 1 0 1 0 0 1 1 0 0 1 1 0 1 0 0 0 0 1 0 
0 2 1 1 0 1 1 1 0 1 0 0 0 1 1 3 0 0 1 1 
2 19
1 0 
1 1 
0 1 
1 0 
1 1 
0 0 
0 1 
0 0 
1 1 
0 0 
1 0 
0 1 
1 1 
0 0 
1 0 
0 2 
0 1 
0 3 
0 1 
20 16
1 0 0 1 0 1 3 1 0 1 1 1 1 1 1 1 0 1 1 1 
0 0 1 1 1 1 0 1 0 0 0 1 0 0 1 0 1 0 0 0 
0 1 1 0 1 1 0 0 0 1 1 1 1 1 0 0 0 0 0 1 
1 1 1 0 0 1 0 1 1 0 1 0 1 1 1 0 0 0 1 0 
0 0 1 1 1 1 1 0 1 1 0 1 1 1 1 1 0 1 1 1 
0 0 0 1 1 0 0 1 1 1 1 0 0 1 1 0 0 1 0 0 
0 0 1 1 0 0 0 1 1 1 1 1 0 1 0 0 0 0 0 0 
1 1 1 0 0 1 1 0 1 1 1 0 1 0 1 0 0 0 0 0 
0 1 1 1 1 1 0 1 1 1 0 0 1 1 0 0 1 0 0 1 
0 1 1 1 0 1 1 1 0 0 1 1 1 0 1 0 1 0 0 0 
1 1 0 0 1 0 0 0 0 1 1 0 1 1 0 1 1 1 1 0 
1 0 1 1 0 0 0 1 0 1 1 0 1 1 0 0 0 1 0 1 
1 0 0 1 0 1 1 0 1 0 1 1 0 0 1 1 1 1 1 0 
0 0 0 0 0 1 0 0 0 0 0 1 0 1 0 0 1 0 1 1 
0 0 1 0 1 0 0 1 0 1 1 0 1 0 0 1 1 0 1 1 
1 0 0 1 1 1 2 0 0 0 0 1 1 0 1 1 1 0 0 1 
20 5
1 0 1 1 0 0 1 0 0 2 1 1 0 0 0 0 1 1 0 0 
0 0 1 1 0 1 1 1 0 1 0 0 0 0 1 1 0 1 0 0 
1 0 0 0 1 0 1 0 0 3 0 1 1 1 0 0 1 1 0 1 
0 0 1 0 1 1 1 1 0 0 0 1 0 1 1 1 0 0 1 0 
1 0 0 1 0 0 1 1 0 1 0 0 1 1 1 0 0 0 0 0 
14 17
1 1 1 1 0 1 1 1 1 1 0 0 0 0 
0 0 0 1 2 1 3 1 0 1 1 1 0 0 
1 0 1 1 0 1 1 1 0 1 0 1 1 0 
0 1 0 0 1 1 1 1 1 1 0 0 0 1 
1 1 0 0 0 0 1 1 0 1 1 1 1 0 
0 1 0 1 1 1 0 1 1 1 0 0 1 0 
1 0 1 1 0 1 0 0 0 1 0 0 1 0 
0 0 0 1 1 0 0 0 1 1 0 0 1 0 
1 0 1 0 1 0 1 1 0 1 0 1 0 0 
0 0 0 0 0 0 1 1 1 1 0 1 0 1 
1 1 1 0 1 1 1 0 0 0 0 1 1 1 
1 0 1 1 0 1 1 1 1 1 1 0 1 1 
1 0 1 0 0 0 0 0 0 0 0 0 1 0 
1 0 0 0 0 1 1 1 0 0 0 0 1 1 
1 1 1 0 1 0 1 1 1 0 1 1 0 1 
0 0 1 1 1 0 0 1 0 0 1 0 0 0 
0 0 1 1 0 1 0 1 1 1 1 0 1 0 
17 2
0 1 1 0 1 0 1 1 1 1 1 0 0 0 2 0 0 
0 0 0 0 0 0 1 3 0 0 0 0 0 1 1 1 1 
16 2
1 0 0 1 1 0 0 0 1 0 0 0 1 3 1 2 
1 0 0 1 0 0 1 1 0 1 1 1 0 1 1 0 
5 11
1 0 1 1 1 
0 1 1 0 0 
0 1 1 0 0 
2 1 0 0 0 
1 1 0 1 3 
0 0 1 1 0 
0 0 1 1 1 
0 0 1 0 1 
0 1 0 0 1 
1 1 0 1 0 
0 1 0 0 0 
8 19
0 0 1 0 0 0 1 1 
1 1 1 0 0 1 0 1 
1 0 0 0 1 1 1 0 
1 0 1 1 0 1 0 1 
1 0 0 1 0 0 0 0 
0 1 1 1 0 1 1 1 
2 1 1 1 1 1 1 1 
1 1 0 0 1 1 1 3 
0 0 1 1 0 1 0 1 
0 1 1 0 1 0 0 1 
1 0 1 0 1 1 0 1 
0 1 0 1 1 1 1 0 
0 0 1 0 1 1 0 1 
0 1 1 1 1 1 0 0 
1 0 0 1 1 0 1 1 
1 1 0 0 1 0 1 0 
0 1 1 0 0 1 1 0 
1 1 1 0 0 0 1 0 
1 1 1 1 0 1 1 0 
4 6
1 1 1 0 
0 0 1 0 
1 2 1 0 
1 0 3 0 
0 0 1 1 
0 1 1 1 
8 18
1 1 0 1 1 1 1 0 
2 0 0 0 1 0 0 1 
0 1 1 1 0 0 1 1 
1 1 0 1 1 0 0 0 
0 0 0 0 1 0 1 1 
0 1 0 1 0 1 0 0 
0 0 0 0 0 0 1 1 
1 1 1 0 0 0 0 1 
1 0 1 1 1 1 1 0 
0 0 0 1 0 0 1 0 
0 1 1 0 0 0 1 1 
1 1 0 0 0 1 1 0 
0 1 1 0 0 0 1 0 
1 1 0 1 1 0 0 0 
1 0 0 0 1 0 0 1 
0 1 1 0 0 1 0 1 
1 0 1 1 1 0 0 1 
3 0 0 0 0 0 1 0 
12 1
0 1 1 0 0 0 1 0 0 3 2 0 
6 6
1 0 1 0 1 1 
2 1 0 1 1 1 
1 0 0 1 1 1 
0 1 0 0 1 0 
3 1 0 1 1 1 
0 1 1 1 1 0 
19 14
1 1 0 1 1 1 0 0 0 0 0 1 0 0 1 1 0 1 1 
0 0 0 1 3 1 1 1 0 0 1 1 1 1 1 1 1 0 0 
1 0 1 1 0 1 0 0 0 0 0 0 1 1 1 0 0 1 0 
1 1 1 1 1 1 1 1 0 1 0 0 1 0 1 0 1 1 1 
1 0 1 0 1 0 0 0 0 0 1 1 0 0 0 1 0 1 1 
1 1 1 0 0 0 2 0 0 0 1 1 1 1 0 0 1 0 1 
1 1 0 0 1 0 1 1 1 0 1 1 0 1 1 0 1 0 0 
1 1 1 0 1 1 1 0 1 0 1 1 0 0 1 0 0 0 1 
1 1 0 1 1 1 0 0 0 0 1 0 0 1 1 1 1 0 1 
1 0 0 0 1 0 0 1 0 0 0 0 1 1 1 0 0 0 1 
0 0 1 0 0 0 1 0 1 1 1 0 0 1 0 1 1 1 0 
0 1 0 0 0 0 0 0 0 1 1 1 1 1 0 1 1 0 1 
1 0 1 1 1 0 1 1 1 1 1 1 0 1 1 0 0 1 1 
0 0 0 1 1 0 0 1 0 1 0 1 0 0 1 1 1 1 1 
4 13
0 0 0 0 
1 1 1 0 
0 0 0 1 
1 0 0 2 
0 1 0 1 
0 0 1 0 
1 0 1 1 
0 1 1 1 
1 1 0 0 
0 1 0 1 
0 1 0 0 
0 0 1 1 
0 1 1 3 
20 1
0 0 1 1 0 1 1 3 1 0 1 2 0 0 0 0 1 0 1 0 
14 11
1 1 1 0 1 0 1 1 0 1 0 0 0 1 
1 1 0 1 0 1 1 0 1 0 1 1 1 0 
1 0 0 1 0 1 1 1 0 1 0 0 0 0 
0 1 0 0 0 1 0 0 0 0 1 1 0 0 
0 0 0 1 0 1 0 1 1 1 0 0 1 0 
0 0 0 1 1 1 1 0 0 1 0 1 1 0 
1 0 1 0 1 1 0 1 0 0 0 0 1 1 
0 0 0 0 1 1 0 1 0 1 1 1 1 1 
0 3 1 0 0 0 0 0 1 1 1 0 1 0 
1 1 1 0 0 0 0 1 1 0 1 1 0 1 
1 1 1 0 1 1 1 1 0 1 0 0 2 1 
0 0
