7 10
0 0 0 1 0 0 0 
0 0 1 3 0 0 1 
0 0 0 1 1 1 0 
0 0 2 0 0 0 1 
1 0 0 0 0 1 1 
0 1 0 0 0 0 1 
0 0 1 1 1 0 1 
1 0 1 1 0 0 1 
1 0 1 1 1 0 1 
0 0 1 1 1 1 1 
9 8
0 0 0 1 1 1 2 0 0 
1 0 0 0 1 0 1 0 1 
1 0 0 1 1 0 1 0 1 
0 0 0 1 0 1 1 0 1 
0 1 0 0 1 0 0 3 1 
0 0 0 1 0 0 1 0 1 
0 1 1 0 0 0 0 1 0 
0 1 1 1 0 0 1 0 0 
2 18
0 1 
1 0 
1 1 
1 1 
0 0 
0 0 
1 1 
0 1 
0 1 
1 1 
1 0 
0 3 
1 0 
1 0 
1 0 
1 0 
0 1 
0 2 
19 19
1 0 1 0 1 0 2 1 0 1 0 1 1 0 0 1 1 0 0 
1 0 0 0 1 0 1 1 0 0 1 1 1 1 0 1 1 1 1 
1 1 0 0 0 1 0 0 0 1 1 1 1 1 0 1 0 0 0 
0 0 0 1 1 1 0 0 0 1 1 1 1 1 0 0 1 0 0 
1 1 1 1 1 0 1 1 1 1 1 0 1 0 1 0 1 0 0 
1 0 1 1 1 1 1 1 0 0 1 1 0 0 1 1 1 0 0 
0 0 1 1 0 1 0 1 1 1 0 0 1 1 0 1 0 1 0 
1 1 0 0 1 0 1 0 1 1 1 1 0 0 0 1 1 1 1 
0 0 1 0 0 0 0 1 0 1 1 0 1 1 0 1 0 1 1 
0 1 1 1 0 3 0 1 0 0 0 1 0 0 0 1 0 1 1 
1 1 0 0 1 0 1 0 0 1 1 1 0 0 0 0 0 0 1 
1 1 0 0 1 0 1 1 1 1 1 1 1 0 0 0 0 0 0 
0 1 1 0 1 0 1 0 1 0 1 1 1 1 0 1 0 1 1 
0 0 1 0 1 0 0 0 0 1 1 1 0 1 1 0 0 1 0 
1 1 0 1 1 0 0 1 0 0 0 1 0 1 1 1 0 1 1 
1 0 0 0 1 0 0 1 1 0 0 1 0 1 0 0 1 0 1 
0 0 1 0 0 0 0 1 1 0 1 1 1 1 0 0 1 1 1 
1 1 1 0 0 0 1 1 0 1 0 1 1 0 0 0 1 1 0 
0 1 1 0 0 0 1 1 1 0 1 0 1 1 0 0 0 1 0 
16 13
0 1 0 1 1 0 1 1 1 1 0 0 0 1 1 0 
0 1 1 1 0 1 0 0 0 0 1 0 0 0 0 1 
1 0 1 1 1 0 0 1 0 0 0 1 0 0 1 1 
1 1 1 1 1 1 0 1 1 1 0 0 1 1 1 1 
1 0 1 1 1 1 0 1 1 0 0 1 0 0 0 1 
1 1 0 1 0 1 1 1 0 0 0 1 1 1 1 0 
0 1 1 0 0 1 0 0 1 1 0 1 1 1 1 0 
0 0 1 0 1 0 0 0 1 1 1 0 1 1 1 1 
1 0 1 1 0 0 1 0 1 0 1 1 0 0 0 0 
0 1 1 0 0 0 1 0 1 1 1 1 0 1 1 0 
0 1 0 1 1 0 0 1 2 0 0 1 1 0 0 0 
0 1 1 1 3 0 0 0 1 1 1 0 0 1 0 1 
0 1 1 1 0 1 1 0 1 1 1 0 0 1 1 0 
3 15
1 0 0 
1 1 1 
1 0 1 
0 3 0 
0 0 0 
1 0 0 
1 0 1 
1 0 1 
1 0 1 
0 1 0 
0 2 1 
1 1 1 
0 0 1 
1 0 1 
0 1 0 
14 17
0 0 1 1 0 1 0 1 1 0 1 1 1 1 
0 0 0 1 0 1 1 0 0 1 1 0 0 0 
1 1 0 0 0 0 1 0 1 0 0 0 1 1 
0 0 0 0 1 0 1 0 0 1 1 1 1 1 
0 0 0 0 1 0 1 0 0 1 0 1 1 1 
0 1 1 0 1 0 1 0 0 0 1 0 0 1 
1 0 0 0 0 0 1 1 0 0 0 0 0 0 
1 1 0 1 1 1 0 1 0 1 1 0 0 1 
1 1 1 0 1 1 1 0 1 1 0 0 0 0 
1 0 1 1 1 1 0 1 1 0 1 0 0 0 
0 1 1 1 1 1 1 0 1 1 1 1 0 1 
0 0 1 0 1 1 1 1 0 0 0 1 0 1 
0 0 0 1 0 0 1 0 3 0 0 1 0 0 
1 0 0 0 0 1 1 0 1 0 1 0 2 1 
1 0 1 0 0 1 0 0 1 1 1 0 1 1 
1 1 0 0 0 0 0 0 1 1 0 1 1 0 
1 0 1 1 1 0 1 0 1 1 0 1 0 1 
11 4
0 0 0 0 0 1 1 0 0 0 1 
0 0 1 0 0 1 0 0 1 0 3 
0 1 1 1 1 1 0 1 1 0 1 
0 0 1 0 0 1 0 2 0 0 1 
11 4
0 0 1 3 0 1 0 1 1 1 1 
0 0 1 0 0 1 2 0 1 0 1 
1 1 1 1 1 1 1 0 1 0 1 
1 0 1 1 1 0 0 1 0 0 0 
3 15
0 1 3 
1 0 0 
0 2 1 
1 1 1 
0 1 1 
1 1 1 
0 1 1 
0 1 1 
1 0 1 
0 1 0 
1 0 0 
0 0 0 
1 1 1 
0 1 1 
1 0 0 
2 19
1 1 
0 1 
1 0 
1 0 
1 1 
1 1 
0 3 
1 0 
1 1 
1 1 
1 0 
0 1 
0 1 
1 0 
1 1 
1 0 
1 2 
0 0 
0 0 
2 19
1 0 
2 0 
0 0 
0 0 
1 1 
1 3 
0 1 
0 1 
0 1 
1 0 
0 1 
1 1 
0 1 
1 0 
1 0 
0 1 
0 0 
1 1 
1 1 
6 7
0 0 1 1 0 1 
0 0 0 0 1 1 
1 1 1 1 1 0 
0 1 0 1 0 0 
1 0 0 0 0 0 
1 0 0 2 0 0 
0 0 3 1 0 1 
14 18
1 1 1 0 0 0 1 0 1 1 1 1 1 1 
1 0 1 1 0 1 1 1 1 1 0 0 0 1 
0 1 1 1 0 0 1 0 0 1 1 0 1 1 
0 0 0 1 1 0 1 1 0 0 1 0 1 0 
0 1 0 0 1 0 0 1 1 0 0 1 0 1 
1 1 1 0 1 0 1 0 1 1 0 1 0 1 
1 0 0 1 0 0 0 1 1 1 1 1 0 1 
1 1 0 1 0 1 0 1 0 0 1 1 1 1 
1 2 1 0 1 1 1 1 0 1 0 3 0 1 
1 0 0 0 1 0 1 1 0 0 1 1 1 0 
0 1 0 1 1 1 0 1 1 0 1 0 1 1 
1 1 0 0 1 1 1 1 0 1 1 0 1 1 
0 0 1 0 0 1 0 1 1 0 0 0 1 1 
0 0 0 1 1 0 0 0 1 0 0 0 1 1 
1 0 0 0 0 1 1 1 0 1 1 1 1 1 
0 0 0 0 0 0 0 1 0 1 0 1 0 0 
0 0 1 0 0 1 1 1 0 1 0 0 0 0 
1 1 1 1 1 0 1 0 0 0 1 1 1 1 
18 15
0 1 1 1 1 1 1 0 1 0 0 0 1 1 0 0 0 0 
1 0 1 1 1 0 1 0 0 1 0 1 0 0 1 1 1 0 
1 0 1 0 1 1 0 1 0 0 1 0 0 0 1 1 1 1 
1 0 0 0 0 1 1 0 1 0 1 0 0 1 1 1 0 0 
0 1 1 0 1 0 0 1 0 1 1 1 0 1 0 1 1 0 
0 1 0 1 0 1 0 0 1 0 0 1 1 0 0 1 1 0 
1 1 1 0 0 1 0 1 0 1 1 0 0 0 0 1 0 0 
1 0 1 0 1 0 0 1 0 1 0 0 1 1 0 0 0 1 
0 1 0 0 1 0 1 0 1 1 1 0 1 0 1 0 0 1 
1 1 1 0 0 1 1 0 1 1 0 0 0 1 0 1 1 0 
1 1 0 1 1 0 0 0 1 1 1 0 0 0 0 0 0 1 
0 0 1 1 1 1 2 0 1 0 1 0 1 1 1 1 0 0 
0 0 0 0 1 0 0 1 1 1 1 0 1 1 0 0 0 0 
1 1 0 0 0 0 1 0 0 1 0 1 1 1 1 1 1 1 
0 0 0 0 3 1 0 0 0 1 1 1 1 1 1 0 1 0 
19 6
1 1 0 1 1 1 1 1 1 1 1 1 1 1 1 1 0 1 1 
0 0 0 1 1 1 0 1 0 0 1 1 0 0 1 1 0 1 0 
0 1 0 0 1 1 1 0 1 0 1 1 1 0 0 0 0 1 0 
0 1 1 0 1 0 0 1 0 0 0 1 1 0 1 0 1 0 1 
1 1 1 0 1 1 0 0 1 1 0 1 1 0 0 0 0 0 0 
1 1 0 0 1 0 1 1 1 0 1 1 0 3 1 1 0 1 2 
18 13
0 0 0 1 0 0 0 0 1 1 0 0 0 0 0 1 1 0 
1 1 1 1 0 1 1 0 0 0 0 1 0 1 0 0 0 1 
1 1 0 1 0 1 0 0 1 1 1 0 1 1 0 1 0 0 
0 0 0 1 0 1 0 0 1 1 1 0 0 0 1 1 1 0 
0 0 1 0 0 1 1 0 1 1 0 0 1 0 0 0 2 0 
0 0 0 1 1 1 1 1 0 1 0 1 0 0 0 0 0 1 
0 1 0 1 0 1 1 1 1 3 0 0 0 0 1 0 0 1 
1 0 1 0 0 1 0 1 0 0 1 0 0 1 1 0 1 0 
1 0 0 1 0 0 1 0 0 0 1 0 1 0 0 1 0 0 
1 0 1 0 1 0 1 1 0 0 0 0 0 1 0 0 1 0 
1 1 1 0 1 0 0 1 0 1 1 0 0 1 0 1 1 0 
1 0 1 1 1 0 1 0 1 0 1 0 1 0 1 0 0 0 
1 0 1 0 1 1 0 1 1 0 0 0 0 1 0 1 0 1 
7 16
1 0 0 1 1 1 0 
0 1 1 0 1 1 1 
0 0 1 0 0 1 1 
1 0 0 1 0 2 0 
0 0 1 1 0 1 0 
0 0 1 0 0 1 0 
0 0 1 1 1 0 1 
1 1 1 1 0 0 0 
1 0 1 1 1 0 1 
0 0 0 0 0 0 1 
0 0 0 0 0 1 1 
0 1 1 0 1 1 0 
0 3 1 1 1 0 0 
0 0 0 1 0 1 1 
1 1 1 0 1 0 1 
0 0 1 0 1 0 1 
19 8
0 1 0 0 3 0 0 2 1 0 1 1 1 1 0 1 1 1 0 
0 1 1 1 0 0 0 1 1 0 1 1 0 1 0 1 1 1 1 
1 0 1 0 0 0 1 0 0 0 1 1 1 0 1 0 1 0 0 
0 1 0 1 0 0 0 1 1 1 1 1 1 1 1 1 0 1 1 
0 1 1 0 0 0 0 0 1 1 0 0 1 1 1 1 1 0 1 
0 0 1 0 0 1 1 0 1 0 0 0 1 1 0 0 0 0 1 
1 1 1 0 1 0 0 1 1 0 1 0 0 0 1 0 1 1 0 
0 1 0 1 1 0 0 0 1 1 0 0 1 1 0 1 1 1 1 
6 19
0 1 1 0 0 1 
0 1 0 0 0 1 
0 0 0 1 0 1 
1 1 1 1 0 0 
1 0 1 1 1 0 
1 0 1 0 1 0 
1 0 1 1 1 0 
1 1 0 1 0 1 
0 0 1 0 0 0 
1 1 0 1 0 0 
0 0 1 0 0 1 
0 0 1 0 3 0 
0 1 0 1 0 0 
1 1 0 0 1 0 
0 1 0 0 0 1 
1 1 0 0 0 2 
0 0 0 0 1 1 
0 1 1 1 0 1 
1 1 0 1 0 1 
6 19
1 0 0 1 0 0 
1 0 0 1 1 0 
0 0 0 1 1 0 
0 0 1 0 1 1 
1 1 1 0 0 1 
1 1 0 0 1 0 
1 1 1 0 0 1 
0 0 1 0 1 0 
1 0 1 0 0 0 
1 1 1 0 1 0 
0 1 1 0 0 0 
1 0 1 0 1 1 
1 0 0 1 0 1 
0 1 1 1 0 2 
0 0 0 1 1 0 
1 0 0 0 1 0 
0 1 1 0 1 1 
3 1 1 0 1 0 
1 0 1 1 1 0 
15 14
1 0 0 0 0 1 0 1 0 1 0 0 0 1 1 
1 0 1 0 0 1 0 0 0 0 1 1 1 0 0 
1 1 1 1 0 0 1 0 1 1 0 1 0 0 1 
2 0 1 0 1 1 0 0 0 1 0 1 0 0 1 
0 0 1 0 1 0 1 0 0 0 1 1 0 1 0 
0 1 3 1 0 1 1 0 1 1 1 1 0 1 1 
1 1 0 0 1 0 1 0 0 1 0 0 0 0 0 
1 0 0 0 1 1 1 1 1 0 0 1 1 1 1 
1 0 1 0 0 0 1 1 0 0 0 0 1 1 1 
0 1 0 0 1 1 1 0 0 1 0 1 1 1 1 
0 0 0 1 1 0 0 1 0 1 0 1 0 1 0 
0 1 1 1 1 0 0 0 1 0 0 1 0 0 1 
1 1 1 0 1 1 0 0 1 0 1 1 0 0 1 
0 1 1 0 0 0 1 1 0 1 1 0 0 1 0 
20 9
0 1 0 1 1 0 1 1 1 0 1 0 1 0 0 0 1 1 1 1 
1 1 0 0 0 0 0 1 0 1 0 1 1 0 1 0 0 1 0 0 
0 0 0 1 1 0 1 1 1 1 0 0 0 1 0 1 0 0 0 1 
1 0 0 0 1 1 1 1 0 1 0 1 1 0 0 0 1 0 1 0 
1 0 0 1 2 1 0 0 1 0 0 1 0 1 0 0 0 1 0 1 
0 0 1 0 0 0 1 1 1 1 0 1 0 1 1 1 0 0 0 0 
1 0 0 0 1 0 1 0 0 1 0 0 0 0 0 0 0 0 1 1 
0 0 0 0 0 1 0 0 1 3 0 1 0 1 1 0 1 1 1 1 
1 0 1 0 1 0 0 0 1 0 0 0 1 0 0 0 1 1 0 0 
5 8
0 0 1 1 0 
1 1 1 1 0 
1 3 0 0 0 
1 0 0 0 1 
0 0 0 1 0 
0 1 1 1 0 
1 1 1 0 2 
0 0 0 1 1 
15 2
0 1 0 3 0 0 1 1 0 0 0 1 0 0 1 
0 1 0 1 0 1 2 0 1 0 0 1 1 1 0 
13 2
1 0 1 2 1 0 1 0 1 1 1 1 1 
0 0 0 1 1 0 3 0 1 0 0 1 1 
17 10
0 0 0 0 0 1 1 1 1 1 1 0 1 0 1 1 1 
1 1 0 1 1 0 0 0 0 0 1 1 0 0 1 0 0 
0 1 1 1 0 1 0 0 0 1 0 0 0 0 0 1 1 
1 0 0 1 1 0 0 1 1 0 1 0 1 1 1 0 1 
1 0 0 1 0 1 1 0 0 0 1 1 0 1 1 0 0 
0 2 0 1 0 1 1 1 0 0 1 3 1 1 1 0 1 
1 0 0 1 1 0 1 0 0 0 0 0 0 1 0 0 1 
1 0 1 0 1 0 0 0 1 0 0 1 0 0 1 1 0 
1 0 1 0 0 1 0 0 1 0 0 0 0 1 1 1 0 
1 0 0 1 1 1 0 0 1 0 0 0 0 0 1 1 0 
8 12
0 1 3 1 1 1 0 1 
1 0 0 1 1 1 1 0 
1 0 1 0 1 1 0 0 
1 1 1 0 1 1 1 1 
1 1 1 0 0 0 1 0 
0 0 0 1 1 0 1 0 
1 1 0 0 1 0 0 1 
1 0 0 1 1 1 1 1 
0 0 0 1 1 0 1 1 
0 1 1 0 1 1 1 0 
0 0 1 1 1 1 2 0 
0 1 0 1 0 0 0 1 
12 14
0 0 1 1 0 1 1 0 0 1 1 1 
0 0 0 0 0 0 1 1 0 0 1 1 
1 0 1 1 0 1 1 1 0 1 1 1 
0 0 1 1 1 0 3 2 0 0 0 1 
1 0 1 0 0 1 0 0 0 0 0 0 
1 1 0 0 0 0 0 1 1 1 1 0 
0 1 1 1 0 0 0 0 1 1 1 1 
1 0 1 1 0 0 0 1 0 0 0 0 
0 1 1 1 0 1 0 1 1 1 1 1 
1 0 0 1 0 1 1 0 0 0 1 0 
0 1 0 1 0 1 1 0 0 1 1 0 
1 1 0 0 1 0 1 1 1 0 0 0 
1 1 1 1 1 0 0 0 1 0 0 1 
1 1 1 1 0 1 1 1 0 0 0 0 
16 12
1 0 0 0 1 0 1 0 0 1 1 0 0 1 0 0 
1 1 0 0 1 1 0 0 1 1 1 0 1 0 1 0 
1 1 0 0 0 1 0 0 0 0 1 0 0 1 0 0 
0 1 0 1 0 0 0 0 1 0 0 1 0 1 0 0 
1 0 1 1 1 0 0 0 1 1 1 1 0 1 1 1 
1 1 0 1 0 0 1 1 0 1 0 0 0 1 0 1 
1 1 0 1 1 1 1 1 0 0 0 0 1 0 1 0 
0 2 0 0 0 0 3 0 1 1 1 0 1 1 1 0 
0 0 0 1 0 1 0 0 1 1 0 0 1 0 1 1 
0 1 0 1 1 1 0 0 1 1 0 1 0 1 0 0 
1 0 0 0 1 1 1 1 1 1 1 0 0 1 0 1 
0 1 1 0 0 0 0 1 0 1 0 1 1 0 1 0 
6 14
0 1 1 0 2 0 
0 1 0 0 0 1 
1 1 1 0 1 0 
1 0 1 1 1 0 
0 1 1 1 3 0 
0 0 1 1 0 0 
1 0 1 1 0 0 
0 0 0 0 0 1 
0 1 1 0 1 0 
0 0 1 0 0 1 
0 1 0 1 0 0 
1 0 0 1 1 1 
0 1 0 1 0 0 
1 0 1 0 0 1 
12 4
1 1 1 1 0 1 1 1 0 0 0 1 
1 1 1 0 1 1 0 1 0 1 0 3 
0 1 0 0 1 0 0 1 0 0 1 1 
1 0 0 0 1 1 0 0 0 1 2 1 
16 2
0 1 3 1 0 0 1 0 0 1 0 1 1 0 0 0 
0 0 0 0 0 0 0 0 0 0 2 0 0 0 1 0 
10 4
0 1 0 1 1 0 1 2 0 0 
0 0 1 1 0 0 0 1 1 0 
1 1 1 0 0 0 1 3 1 1 
1 1 1 0 0 1 0 0 0 1 
9 2
1 0 0 0 1 0 2 3 0 
1 1 0 1 1 1 1 0 1 
10 3
0 1 1 1 1 1 1 0 1 1 
0 1 1 1 0 0 0 0 1 1 
1 0 1 2 1 1 1 0 1 3 
2 17
0 1 
0 1 
1 1 
1 1 
1 1 
1 1 
1 3 
1 0 
1 0 
0 0 
2 0 
1 1 
0 1 
0 0 
0 0 
1 1 
1 1 
18 9
0 1 1 0 1 0 1 0 1 1 0 1 1 1 1 1 0 1 
1 1 1 0 0 1 3 1 0 0 0 1 0 1 0 0 1 1 
0 1 1 1 1 1 1 1 1 0 1 1 0 0 1 0 1 1 
0 0 0 0 2 0 0 0 0 0 0 1 1 1 1 1 0 1 
1 0 0 0 0 1 0 0 1 1 0 1 0 0 1 1 0 0 
1 0 0 1 1 1 1 1 1 1 1 1 0 1 0 0 1 1 
1 1 1 0 0 0 1 1 1 1 0 1 1 0 1 1 1 1 
1 1 1 0 1 0 1 0 0 0 1 0 1 1 0 1 0 1 
1 0 0 0 0 1 0 0 0 1 0 1 1 1 1 0 1 0 
12 1
1 1 0 0 0 2 1 0 1 1 3 1 
4 5
1 0 1 1 
1 0 2 1 
1 1 1 1 
0 1 1 0 
1 0 3 0 
17 5
1 1 0 0 1 0 1 0 1 1 2 0 1 1 1 0 0 
0 0 1 1 1 1 1 1 1 1 1 0 0 0 0 1 1 
1 0 0 0 0 0 1 1 3 1 0 1 0 0 0 1 1 
1 0 0 1 0 1 0 0 1 1 1 0 0 0 1 0 0 
0 0 0 1 0 1 1 0 0 1 0 0 0 0 0 0 0 
14 17
1 1 0 1 1 0 1 1 0 1 1 0 0 0 
1 0 0 1 0 1 0 1 0 1 0 1 0 0 
1 1 1 1 0 1 0 0 0 0 1 0 0 1 
0 1 0 0 0 1 0 1 0 1 1 0 1 1 
0 1 0 1 1 0 0 1 1 1 1 0 0 1 
1 0 0 0 1 1 1 1 1 1 1 1 1 0 
0 0 1 1 0 1 0 1 0 1 1 1 0 0 
1 0 1 0 0 1 0 1 1 1 1 0 0 0 
0 0 0 0 0 1 1 0 1 1 1 0 0 1 
1 0 1 1 0 0 0 0 1 1 0 1 1 0 
1 1 0 0 1 0 0 1 0 1 0 0 0 0 
0 1 0 1 1 0 1 0 0 1 1 0 1 0 
1 1 0 0 0 0 0 1 1 1 0 0 1 0 
1 0 1 1 0 0 0 1 1 0 1 1 1 0 
0 1 0 1 1 2 1 0 1 0 0 0 1 1 
1 1 0 1 1 3 0 1 1 0 1 0 1 1 
1 0 1 0 0 0 0 1 0 0 0 1 0 1 
5 19
1 0 0 3 0 
0 0 0 0 0 
0 0 1 1 0 
1 1 1 1 1 
0 1 1 0 1 
0 1 1 0 0 
1 1 1 1 1 
1 1 1 1 0 
0 0 1 1 1 
1 1 1 1 1 
0 1 1 0 0 
1 0 0 0 0 
0 1 0 0 0 
0 1 0 1 0 
1 1 0 1 0 
1 0 0 0 0 
1 1 0 1 0 
0 2 1 1 1 
1 1 1 1 1 
8 17
0 1 1 0 0 0 1 1 
1 0 1 0 0 1 0 0 
0 0 0 0 1 0 0 1 
3 1 1 0 1 0 0 0 
0 1 1 0 1 0 0 0 
0 0 1 1 1 0 1 1 
1 1 0 1 1 1 0 1 
0 0 0 1 0 1 1 0 
1 1 1 0 0 0 0 1 
1 1 0 0 0 0 0 0 
1 0 1 0 1 1 0 0 
0 2 1 0 1 0 1 0 
0 0 1 1 0 0 0 1 
1 0 1 1 1 1 1 1 
1 1 0 1 1 1 0 1 
1 0 1 0 0 0 1 0 
0 1 0 0 0 0 0 0 
14 18
1 0 0 1 0 0 1 0 0 0 0 0 0 0 
1 0 0 0 0 0 0 1 1 0 0 1 1 1 
0 0 1 0 1 0 1 0 0 0 1 0 0 0 
1 1 0 2 1 1 1 0 0 1 0 0 0 1 
0 1 0 0 1 1 0 1 0 1 0 1 0 1 
0 0 0 1 0 0 0 0 0 1 0 0 0 0 
0 0 0 0 0 1 1 0 1 1 1 0 1 0 
0 1 0 0 1 0 1 0 1 1 0 0 1 0 
1 1 1 1 0 0 1 1 0 1 1 1 1 1 
0 1 1 1 1 0 0 1 0 1 0 0 0 1 
3 1 1 0 0 0 0 1 0 0 1 1 0 1 
1 0 1 1 1 1 0 1 0 0 1 1 1 1 
1 0 0 1 0 1 0 0 1 0 0 1 0 0 
1 1 1 0 1 0 0 0 1 1 1 0 1 0 
0 0 0 0 0 1 1 0 0 0 1 0 1 1 
1 0 0 0 0 1 1 1 1 1 1 0 1 1 
0 1 0 1 0 1 0 1 1 1 0 0 1 1 
1 1 1 1 1 0 0 1 0 1 0 1 0 1 
10 19
0 0 1 0 1 1 1 1 0 1 
1 0 1 1 1 0 1 0 1 1 
0 0 0 2 1 0 1 0 1 1 
1 1 0 0 0 0 0 0 1 0 
1 0 1 0 1 0 0 1 1 1 
0 0 0 0 0 0 1 0 0 1 
0 1 0 1 0 1 1 1 1 0 
0 1 0 1 0 0 0 1 1 0 
0 0 0 1 1 1 0 1 1 0 
0 0 1 1 1 1 0 0 1 0 
0 1 1 0 1 1 0 1 1 1 
1 0 0 0 0 0 1 0 0 0 
0 0 1 1 0 1 0 0 1 0 
1 0 1 1 0 1 1 0 1 0 
0 1 0 0 1 1 1 1 1 1 
1 0 1 0 1 0 0 1 0 1 
0 0 0 1 0 1 1 0 0 0 
1 0 1 1 0 1 0 0 1 1 
0 3 0 1 1 0 0 0 0 1 
15 6
0 0 1 0 0 0 0 1 1 0 0 0 0 0 0 
1 1 0 0 1 1 1 1 0 1 1 0 1 0 1 
1 0 1 0 1 1 1 1 2 0 1 0 0 0 0 
1 1 0 1 1 0 1 0 1 0 1 1 0 1 0 
1 1 0 0 0 0 1 1 0 1 0 0 1 0 1 
0 1 3 1 0 0 0 1 0 1 0 1 0 0 1 
20 6
0 1 1 0 1 0 1 0 0 0 0 0 1 1 0 0 1 1 0 0 
1 0 1 3 1 0 0 0 0 0 1 0 1 1 1 1 0 1 1 0 
0 1 0 1 1 0 0 1 0 1 0 1 1 0 1 0 1 0 1 1 
0 0 1 0 1 0 1 1 1 1 1 2 1 1 0 1 0 1 0 1 
0 1 1 1 0 0 1 1 1 1 0 0 0 1 0 1 0 0 0 0 
1 0 0 1 0 0 0 0 1 1 0 1 1 0 0 0 0 1 0 0 
12 16
1 1 0 1 0 1 1 0 1 0 0 1 
1 1 1 1 0 1 0 1 1 1 0 0 
1 1 1 1 1 1 1 0 0 0 1 1 
2 0 1 1 1 1 0 0 0 0 1 1 
0 0 0 0 0 0 1 1 1 0 1 0 
0 0 3 0 1 0 1 0 0 0 1 1 
1 0 1 0 1 0 0 0 0 0 1 0 
0 1 0 0 0 0 0 0 1 0 1 0 
0 0 0 0 1 0 0 1 1 1 1 1 
0 0 0 0 1 0 1 0 0 1 0 0 
1 0 0 0 0 0 1 1 0 1 1 1 
1 1 0 1 0 0 1 0 0 0 1 1 
0 0 0 1 1 0 1 1 0 1 0 0 
0 1 1 1 1 0 1 1 0 1 0 1 
0 1 0 1 0 0 1 1 1 0 0 1 
0 0 1 0 0 0 1 0 1 1 0 1 
4 18
0 0 1 0 
1 1 1 0 
1 1 1 0 
0 0 0 1 
0 1 0 0 
3 1 0 0 
2 1 1 1 
1 0 1 0 
1 0 1 1 
1 1 0 0 
0 1 1 1 
0 1 1 1 
1 0 0 1 
1 1 0 1 
1 1 1 1 
0 0 0 0 
1 1 1 1 
1 0 0 1 
9 9
1 0 1 0 0 0 0 1 0 
0 1 1 0 0 0 1 1 0 
0 1 1 0 0 1 1 0 0 
0 0 1 1 1 1 1 1 1 
2 1 0 0 1 1 0 0 1 
1 1 1 1 1 1 0 0 1 
1 1 1 1 0 1 0 0 0 
1 1 0 3 0 0 1 0 0 
0 0 1 1 1 0 1 1 1 
15 11
0 0 1 1 1 0 1 1 1 1 0 0 1 1 1 
1 0 1 0 1 1 1 1 0 0 1 1 0 1 1 
0 1 0 1 1 1 0 0 0 0 0 0 1 0 0 
0 0 1 0 0 1 1 0 1 1 1 0 2 0 0 
0 1 0 1 1 1 1 1 0 1 0 1 1 1 0 
1 0 0 0 0 1 0 0 0 0 1 1 0 0 1 
1 1 1 1 0 1 1 0 1 1 1 0 1 0 1 
1 0 0 0 1 0 1 1 0 0 1 0 1 1 1 
0 0 0 0 0 1 0 1 0 0 0 0 0 1 0 
1 1 1 0 0 1 0 1 0 1 1 1 0 0 3 
1 1 1 0 0 0 0 0 0 1 1 0 1 0 0 
16 18
0 1 0 1 1 0 0 0 0 0 0 1 1 1 1 0 
0 1 1 0 0 0 1 0 1 0 0 0 1 1 0 1 
0 1 1 0 1 0 1 1 1 1 0 0 1 0 0 0 
0 0 0 1 1 0 0 1 1 1 0 0 1 0 1 0 
1 0 0 0 0 1 0 0 1 1 1 1 1 0 0 1 
1 1 1 0 1 1 0 1 0 1 1 1 1 1 1 0 
1 0 0 1 0 0 1 0 1 1 1 1 1 0 0 0 
0 0 1 1 0 1 0 1 0 1 0 1 0 1 1 0 
0 0 0 1 0 1 1 1 1 1 1 1 0 0 0 0 
1 0 1 0 0 1 1 1 0 0 0 1 1 1 1 1 
1 1 1 1 1 0 0 0 1 0 0 1 1 0 1 0 
0 1 0 0 0 1 0 0 0 0 0 0 0 0 0 0 
1 1 1 0 0 0 1 1 0 0 1 0 1 0 0 0 
0 0 1 1 1 0 0 1 1 1 1 0 0 0 1 0 
1 0 3 0 0 1 1 1 1 0 1 1 0 0 0 0 
0 1 1 1 1 0 0 0 1 1 1 1 1 0 1 1 
1 1 2 0 1 0 0 0 1 1 1 1 1 1 1 0 
1 1 0 0 0 0 1 1 1 1 1 0 0 1 1 0 
8 8
1 0 0 0 1 0 0 0 
1 0 1 1 1 0 0 0 
1 1 1 1 1 0 0 1 
1 0 0 0 1 0 1 1 
1 0 1 1 1 0 1 2 
0 0 1 0 3 0 0 1 
0 1 1 0 1 1 1 0 
0 1 1 1 0 1 0 0 
20 16
1 1 0 0 0 0 1 0 1 1 1 1 1 1 1 1 0 0 1 0 
1 0 0 0 0 0 0 1 0 0 1 1 0 1 0 1 1 0 1 1 
1 1 0 0 1 1 1 0 0 0 1 0 1 1 1 1 0 1 0 0 
0 1 1 0 0 0 1 0 0 0 0 1 1 0 0 1 1 0 0 1 
0 1 0 1 0 0 0 1 2 1 0 0 0 1 0 0 1 0 0 1 
1 1 0 0 0 1 1 3 0 0 1 1 1 0 0 0 1 1 0 1 
0 1 1 1 1 0 0 1 1 1 1 0 1 0 1 1 1 1 1 0 
0 1 1 1 1 0 1 0 1 1 1 0 1 0 0 1 1 1 0 1 
0 0 1 1 1 0 0 0 1 1 0 1 0 0 1 0 0 1 0 0 
1 1 0 0 0 1 0 0 0 1 0 1 0 0 1 0 1 1 1 1 
0 0 1 1 1 0 1 0 1 1 0 0 0 1 0 1 0 0 1 1 
0 1 1 1 0 0 1 0 0 0 1 1 1 0 0 0 0 0 1 0 
1 0 0 1 1 0 1 0 1 0 0 1 0 0 0 1 1 0 1 1 
0 0 0 0 1 0 1 0 1 0 1 1 0 1 1 0 1 1 0 0 
0 1 0 1 1 0 1 0 1 1 0 0 0 1 1 1 0 1 1 1 
0 0 1 0 1 1 1 0 0 0 0 0 0 0 0 0 0 0 0 0 
14 13
1 1 1 1 1 1 1 0 1 1 0 1 0 0 
0 1 1 1 1 0 0 0 0 1 1 1 0 1 
0 0 1 0 0 0 1 0 0 1 1 0 0 2 
0 1 0 1 1 1 1 0 1 1 1 1 1 0 
0 0 0 0 3 1 0 0 0 1 0 1 0 1 
1 0 1 1 1 0 0 1 0 0 0 0 1 0 
0 0 0 0 1 0 0 0 1 0 0 1 1 1 
1 1 1 0 0 1 1 1 1 0 0 0 0 1 
1 1 1 0 1 1 1 0 1 0 0 1 1 0 
1 0 0 0 0 0 1 1 0 1 0 1 0 0 
1 0 0 1 1 0 0 1 0 1 0 0 1 1 
1 1 0 1 1 0 0 0 1 0 1 0 0 1 
1 1 1 0 0 0 0 0 1 1 1 0 1 0 
19 18
0 1 0 0 1 0 0 1 0 1 0 0 1 1 1 0 0 1 1 
1 0 1 1 0 0 0 1 0 1 0 1 0 0 1 1 0 1 0 
1 1 1 1 1 1 1 0 1 0 0 1 1 1 1 1 1 0 1 
0 0 1 1 0 1 1 1 0 0 0 1 1 1 1 0 0 1 1 
1 0 0 0 0 0 0 0 0 0 0 1 0 1 0 0 1 1 0 
0 0 1 1 1 0 0 0 0 1 0 0 0 1 0 0 1 0 0 
1 1 0 1 0 1 0 1 0 1 1 1 0 0 0 0 1 0 0 
0 0 0 1 1 1 1 1 0 0 1 1 1 1 1 1 1 0 1 
0 0 1 0 0 0 0 1 0 0 1 1 0 1 0 1 1 0 1 
0 1 1 0 1 0 1 1 0 1 0 1 1 1 1 1 1 1 1 
1 1 0 1 0 1 1 1 1 0 1 0 0 0 0 1 1 0 1 
1 1 0 1 1 1 1 1 0 1 0 1 0 1 0 1 0 0 0 
1 1 0 1 0 0 0 1 1 0 0 1 0 1 1 0 1 0 0 
1 0 1 1 1 1 0 1 1 0 0 1 0 1 1 0 0 0 0 
0 1 0 0 0 1 1 0 1 0 0 1 1 0 0 0 0 0 1 
0 0 1 2 1 1 1 0 1 1 1 0 1 1 1 1 1 1 0 
1 1 0 1 1 0 1 0 0 1 1 1 3 1 0 0 0 0 0 
1 0 0 1 1 0 0 1 1 1 0 0 1 0 1 0 1 0 1 
9 1
0 1 2 0 0 1 3 1 1 
2 20
0 1 
1 1 
0 1 
1 1 
1 1 
1 1 
0 1 
0 2 
0 0 
0 1 
1 0 
0 1 
1 1 
0 1 
1 0 
1 0 
1 0 
3 0 
0 0 
1 1 
4 20
1 1 1 0 
0 1 0 0 
1 1 0 0 
0 1 1 0 
0 1 1 1 
1 1 1 0 
1 1 0 0 
1 1 0 0 
0 1 0 0 
0 1 0 0 
0 0 1 1 
1 0 1 1 
1 1 1 0 
0 1 0 0 
0 3 0 0 
1 0 1 0 
0 0 0 0 
0 1 0 1 
1 0 2 0 
1 0 1 0 
18 15
0 1 1 1 0 0 0 1 0 1 1 1 0 0 1 0 1 0 
1 0 1 0 1 0 1 0 1 1 0 1 0 1 0 0 1 1 
1 1 0 0 1 1 0 0 1 0 0 1 0 1 1 0 0 0 
0 1 0 0 0 1 1 0 0 0 1 0 1 1 1 0 1 0 
1 0 1 0 0 0 0 0 0 0 1 0 0 0 0 1 1 1 
0 1 0 0 0 0 0 1 1 1 1 0 0 0 1 0 1 0 
1 1 1 0 1 1 0 1 1 0 0 1 0 0 0 1 1 0 
1 1 0 1 1 1 1 1 0 0 0 0 0 1 1 0 0 0 
0 1 1 0 1 1 0 1 0 0 1 1 1 0 0 0 1 1 
1 1 1 1 1 1 0 1 1 1 0 0 1 1 1 0 1 1 
1 1 1 0 0 0 1 0 0 1 0 1 0 1 0 0 1 1 
0 0 1 0 0 0 1 1 0 1 0 0 1 0 0 0 1 0 
0 1 0 1 3 1 0 0 1 0 1 0 0 1 0 0 0 1 
0 1 0 0 1 0 1 0 0 1 1 1 0 0 0 1 0 1 
0 0 1 0 0 1 1 1 1 0 1 0 2 1 0 0 0 0 
6 10
1 1 0 0 1 1 
0 1 1 0 1 1 
0 1 1 0 1 0 
0 0 1 1 0 1 
1 1 1 1 0 1 
1 1 0 0 1 0 
0 1 1 1 1 0 
0 2 1 1 0 1 
1 0 1 0 3 1 
0 0 0 1 0 0 
4 8
0 0 2 1 
1 1 0 0 
0 1 1 1 
0 0 1 1 
1 0 1 0 
0 1 0 1 
1 0 1 0 
0 3 0 1 
19 14
1 0 1 1 1 1 0 1 1 1 0 0 3 0 1 0 1 1 0 
1 1 1 0 1 1 1 1 1 0 1 0 0 0 1 1 1 1 1 
1 1 0 0 1 1 1 0 0 1 0 0 1 0 1 1 1 1 1 
1 1 1 1 1 1 0 0 0 1 0 1 1 1 1 1 1 1 1 
1 1 0 1 0 0 0 1 0 0 0 1 0 0 1 1 1 1 0 
0 1 0 1 0 1 0 1 0 1 0 0 0 1 1 0 1 0 1 
1 0 1 1 1 1 0 0 1 1 1 1 0 1 0 0 0 1 0 
1 1 1 1 1 1 0 1 0 1 1 1 1 0 0 0 0 1 0 
0 1 1 1 1 1 0 0 1 1 1 0 0 0 0 1 0 0 1 
0 0 1 0 1 1 1 0 1 0 0 1 1 0 0 0 0 1 1 
0 0 1 1 1 0 1 0 0 1 0 0 0 1 0 0 1 0 0 
1 2 0 1 0 1 0 1 1 1 0 1 0 0 1 0 0 1 0 
0 1 0 1 1 1 1 0 0 1 0 1 0 1 1 0 0 1 0 
1 0 1 1 0 1 1 1 0 1 1 0 1 0 1 1 0 0 1 
12 2
0 0 1 0 1 0 0 1 0 0 1 1 
0 1 1 3 0 1 0 0 0 0 0 2 
20 9
1 1 1 1 0 1 0 0 0 1 0 1 1 1 0 1 1 1 1 0 
0 0 0 0 0 1 0 0 0 1 0 0 1 0 0 1 1 0 1 1 
0 1 0 1 0 0 1 1 0 0 0 1 0 1 1 0 1 1 0 0 
1 1 0 1 1 1 0 1 1 1 0 1 0 1 0 0 1 1 0 0 
1 0 0 0 1 0 1 1 0 0 0 0 1 0 1 0 1 0 1 0 
2 1 0 0 0 1 0 0 0 1 0 0 0 0 1 0 1 1 0 1 
1 3 0 0 0 1 1 1 1 1 1 0 1 0 0 1 0 1 0 1 
0 0 0 0 1 1 0 0 1 1 0 0 0 1 0 1 1 1 0 1 
1 0 0 1 1 0 1 0 1 1 1 1 0 1 1 0 1 1 1 1 
8 10
1 0 1 1 1 0 0 1 
0 0 1 1 1 1 0 1 
1 0 0 1 1 0 1 0 
0 1 1 0 1 0 1 0 
0 0 0 1 0 1 3 2 
0 0 1 1 1 1 0 1 
1 1 0 1 0 1 1 0 
0 0 1 1 0 1 0 0 
0 1 0 1 0 1 0 1 
0 0 1 1 0 0 1 0 
6 19
1 0 0 0 1 0 
1 0 1 0 1 0 
0 1 1 1 1 1 
0 0 1 1 1 1 
1 1 3 0 0 1 
0 0 1 0 0 1 
1 0 1 1 1 0 
1 1 0 1 0 1 
1 0 0 0 1 1 
0 0 2 0 0 0 
1 0 1 0 0 1 
0 1 1 1 1 1 
1 0 0 1 1 0 
1 1 0 0 0 1 
1 1 0 0 1 1 
1 0 1 0 1 1 
0 1 1 1 0 1 
1 1 1 0 1 0 
0 0 0 1 1 0 
18 1
3 2 1 0 1 0 0 1 1 1 0 1 0 1 0 1 1 0 
16 20
0 1 0 1 0 0 0 1 1 1 0 1 1 1 0 0 
0 1 1 1 0 1 0 1 0 2 1 1 0 0 1 1 
0 1 1 0 0 1 0 1 1 0 0 1 0 0 0 1 
1 0 0 1 1 0 0 0 1 1 0 1 1 0 1 1 
1 0 1 0 1 1 0 0 1 0 1 0 1 0 1 1 
1 1 1 0 3 0 1 1 0 0 0 0 1 1 0 0 
1 1 0 1 1 1 1 1 1 0 1 1 0 0 0 0 
0 0 1 1 1 1 0 0 0 1 0 1 1 1 1 0 
0 1 0 1 1 1 1 0 0 0 0 0 0 0 1 1 
1 1 0 0 0 0 0 1 0 0 0 1 1 1 0 0 
0 0 1 0 1 0 1 0 1 0 0 0 0 1 1 1 
1 0 1 1 0 1 1 0 1 1 0 1 0 0 0 1 
1 1 0 1 1 1 0 1 0 0 1 1 1 1 0 1 
0 0 0 0 0 0 0 0 1 1 0 0 0 1 0 1 
0 1 1 0 0 1 0 0 0 1 0 0 0 0 0 1 
0 1 1 0 1 0 1 1 0 0 0 0 1 0 1 0 
1 1 0 0 1 0 1 1 0 0 0 0 1 0 1 1 
0 1 1 1 0 0 0 1 1 0 1 1 1 0 1 1 
1 0 0 1 1 0 1 1 1 0 0 0 1 0 0 1 
0 1 0 0 1 1 0 1 1 0 1 1 1 0 1 1 
17 14
0 1 0 1 0 1 1 1 0 1 0 1 0 0 1 0 0 
0 1 1 1 0 0 1 1 0 1 0 0 1 1 1 1 1 
0 1 0 1 0 1 1 1 1 1 0 1 0 0 0 0 1 
0 1 1 1 1 0 0 1 0 0 1 1 1 0 1 0 0 
0 3 0 0 0 1 1 0 0 1 1 0 1 0 1 1 0 
0 0 1 1 0 0 0 0 0 1 1 0 0 1 0 0 1 
1 1 1 0 0 0 1 0 1 1 0 1 1 0 1 0 0 
1 0 0 0 1 1 0 1 1 0 2 0 0 0 1 1 1 
1 1 0 0 0 0 1 1 0 1 0 1 1 1 1 0 1 
1 1 0 1 0 1 0 0 0 1 1 1 0 1 0 1 1 
1 1 1 0 1 1 1 1 1 1 0 0 1 1 0 1 1 
0 0 0 1 1 0 0 0 0 1 0 1 1 0 0 1 1 
1 1 1 1 0 1 1 0 0 0 0 1 1 1 1 0 1 
0 0 0 0 0 0 0 0 0 0 1 1 1 0 0 0 1 
0 0
