13 12
0 0 1 1 1 0 0 0 0 0 1 1 1 
0 1 0 0 1 1 1 0 1 0 0 0 1 
1 1 1 0 1 0 0 1 1 0 1 0 1 
1 1 1 1 1 1 1 0 0 0 1 1 0 
1 0 1 0 0 3 1 1 1 0 0 1 0 
1 0 0 0 0 1 1 0 1 1 1 0 1 
0 0 0 1 1 1 1 1 0 0 0 0 1 
0 1 0 1 1 0 1 0 1 0 1 0 0 
1 0 1 0 1 1 0 1 1 1 0 0 1 
0 1 1 0 1 1 0 0 1 1 0 1 1 
1 0 0 1 0 0 0 2 0 1 0 0 0 
0 1 1 1 0 1 0 1 1 1 1 1 1 
19 12
0 0 0 1 1 1 1 0 3 1 1 1 0 1 1 1 1 0 1 
0 0 1 1 0 1 1 1 1 1 1 1 0 0 1 0 0 1 1 
0 1 0 1 1 0 0 1 0 0 1 0 1 1 1 1 1 0 1 
1 0 0 0 0 0 1 1 0 0 1 1 0 1 0 1 0 0 1 
0 0 1 1 1 0 0 1 1 1 0 0 0 1 0 1 0 1 0 
1 0 0 0 0 0 1 0 0 0 0 0 1 0 1 0 0 1 0 
1 0 1 0 1 0 1 1 0 1 0 0 1 0 1 0 1 0 1 
1 0 0 0 0 0 1 0 0 1 0 1 1 0 0 1 0 0 0 
1 0 1 1 0 1 0 0 0 0 0 0 1 0 1 0 0 0 1 
0 1 0 1 1 1 0 0 0 1 1 0 0 1 1 1 2 1 1 
0 0 1 0 0 1 1 0 1 0 0 0 0 0 1 1 0 1 0 
0 0 1 1 1 1 0 1 1 1 0 0 0 0 0 0 1 1 1 
19 7
1 1 0 0 1 1 1 0 0 0 1 0 1 1 1 1 0 1 0 
0 1 1 0 0 1 0 0 1 0 0 0 0 0 1 0 1 1 1 
0 0 1 1 0 0 1 1 1 1 1 1 1 0 1 1 0 0 1 
0 0 1 1 1 0 0 0 0 0 0 3 1 2 1 1 1 1 0 
0 0 0 0 1 0 1 0 0 1 0 1 0 0 1 1 1 0 1 
1 0 0 0 1 0 0 0 0 0 0 0 0 1 0 1 1 1 0 
0 1 0 0 0 1 0 1 1 0 1 1 0 1 1 0 1 1 1 
12 11
0 0 0 0 1 1 1 1 0 0 1 1 
0 1 0 0 0 0 0 0 0 1 1 1 
0 1 0 1 1 0 0 1 0 1 0 1 
1 1 1 1 0 1 1 1 1 0 0 1 
0 1 0 0 1 0 0 1 0 0 1 2 
1 1 0 0 0 0 1 1 0 1 1 0 
1 1 1 0 0 0 1 0 0 1 1 1 
0 0 0 0 1 1 3 0 1 0 1 0 
0 1 0 1 0 0 0 1 1 0 0 0 
0 1 0 1 1 0 0 0 0 1 0 1 
1 1 0 1 1 1 1 0 0 1 0 1 
9 4
1 0 0 0 3 0 1 0 1 
0 1 1 0 1 0 0 1 0 
1 1 0 0 2 0 0 0 1 
1 1 0 1 0 1 1 1 0 
11 5
1 1 1 1 0 1 1 1 1 0 2 
1 0 0 1 0 1 0 1 0 1 1 
0 1 0 1 0 0 0 1 0 0 3 
1 1 1 0 0 1 0 1 0 1 1 
1 0 0 1 1 0 0 1 1 1 0 
3 9
1 1 0 
0 1 3 
0 1 1 
2 1 0 
1 1 1 
1 1 0 
1 0 0 
0 1 0 
1 1 1 
3 19
1 0 1 
1 1 1 
0 1 1 
1 1 1 
1 1 1 
0 1 1 
0 1 0 
1 0 0 
0 1 1 
1 1 2 
1 1 0 
0 1 1 
1 1 1 
0 1 1 
0 1 1 
0 0 1 
0 0 1 
1 0 0 
3 0 0 
13 3
0 0 0 0 1 0 3 1 0 0 0 1 0 
0 1 0 1 1 1 1 0 1 0 0 0 0 
0 0 2 1 1 1 0 0 0 0 1 1 1 
14 1
0 0 2 1 1 0 0 0 1 0 3 0 1 0 
20 5
1 1 0 0 0 1 1 1 0 0 1 1 0 1 0 1 0 0 1 1 
1 1 1 1 0 1 0 1 0 0 0 1 0 0 0 1 1 0 0 0 
1 2 1 1 0 1 1 1 0 0 0 0 0 1 0 0 0 0 1 0 
0 0 1 0 1 0 0 0 0 0 1 1 0 1 0 0 1 0 1 1 
1 1 0 1 0 1 0 1 0 0 1 0 1 0 0 0 1 3 0 0 
18 20
0 1 1 0 0 1 1 1 0 0 0 0 1 1 1 0 0 1 
0 1 0 1 0 1 1 0 1 0 0 0 1 0 0 0 0 1 
0 0 0 1 0 0 1 0 1 1 1 1 0 1 1 0 1 0 
1 0 0 0 1 1 1 1 0 1 1 0 0 0 1 0 1 1 
0 0 0 1 1 0 0 1 1 1 0 0 0 1 1 1 0 0 
0 0 0 1 0 0 1 1 1 0 1 0 1 0 0 0 1 1 
0 1 1 2 1 0 0 0 1 1 1 1 1 0 1 1 0 1 
0 1 0 0 1 1 0 1 0 0 1 0 0 0 1 1 0 1 
0 0 0 1 1 0 1 1 0 0 1 1 1 0 0 1 0 0 
0 1 1 1 1 1 0 0 0 1 1 0 1 1 1 0 0 0 
0 1 1 0 0 0 0 1 1 1 0 0 1 1 1 1 1 0 
1 0 1 0 1 1 0 0 1 0 1 1 0 0 1 0 0 1 
1 0 1 1 1 0 0 0 1 0 0 0 1 1 0 0 1 0 
1 1 0 1 0 0 1 0 1 0 1 0 1 1 0 0 1 0 
0 1 1 0 1 1 0 1 1 0 0 1 0 0 1 1 1 1 
1 1 0 0 0 0 1 0 0 1 1 1 0 1 0 0 0 0 
0 1 1 0 0 1 0 0 1 0 1 1 1 1 0 0 0 1 
0 0 1 1 0 1 1 0 0 1 0 1 1 0 0 1 1 0 
0 0 1 0 0 1 1 0 0 0 1 1 0 1 1 1 0 0 
0 0 1 1 3 1 1 0 1 0 1 0 1 0 1 0 0 1 
5 16
1 1 0 1 0 
3 1 0 1 0 
0 0 1 1 0 
0 0 1 1 1 
0 1 1 0 0 
1 1 0 0 1 
1 1 1 0 1 
1 0 2 0 1 
1 0 1 1 1 
1 1 0 0 1 
0 0 1 0 1 
0 0 1 1 1 
1 1 1 0 0 
0 0 1 1 0 
0 0 1 1 1 
0 1 0 0 0 
9 9
0 1 1 1 0 0 1 3 0 
1 1 0 0 0 0 1 0 1 
1 1 1 1 0 1 0 0 1 
0 1 1 1 0 1 0 1 0 
0 1 1 1 1 1 1 0 0 
1 1 1 1 1 0 0 1 2 
1 1 1 0 0 1 1 0 1 
0 0 0 0 0 0 0 1 0 
0 1 1 0 0 0 1 0 1 
13 19
1 1 0 1 1 0 1 1 1 1 1 1 1 
0 0 1 0 1 1 1 1 0 0 0 1 0 
1 1 0 1 1 0 1 1 0 0 0 1 1 
0 1 0 0 0 0 0 0 1 0 1 1 0 
0 1 0 1 0 0 1 1 1 0 0 1 0 
1 1 0 0 1 1 0 2 0 1 1 0 1 
1 0 1 1 0 0 1 0 1 1 1 1 0 
0 1 1 0 0 0 0 1 0 1 1 0 1 
1 0 0 1 0 0 1 0 1 0 1 0 0 
0 0 0 0 0 1 1 1 0 1 1 0 1 
0 1 0 1 1 1 1 0 1 1 0 1 0 
1 0 1 1 1 3 1 1 1 0 1 0 0 
1 0 0 1 0 0 0 0 0 1 1 0 1 
0 1 0 0 0 0 1 0 1 0 0 0 1 
0 0 1 0 1 1 0 0 0 0 1 0 1 
0 1 1 1 0 1 0 0 1 0 0 0 0 
0 1 1 1 1 1 1 0 0 0 1 0 1 
0 1 0 0 1 1 0 0 1 0 1 0 1 
0 1 1 1 1 1 0 0 1 1 1 0 0 
2 9
0 0 
1 0 
1 1 
2 1 
1 1 
0 1 
0 1 
0 1 
0 3 
13 15
0 1 1 1 0 1 0 1 1 1 0 1 1 
0 1 1 0 0 0 1 0 1 0 1 0 0 
1 1 1 1 0 1 0 0 1 0 1 1 0 
0 1 1 0 1 1 0 1 0 0 0 0 1 
1 1 1 0 0 0 0 0 1 1 1 1 0 
0 0 1 0 1 1 1 1 0 0 1 0 0 
1 0 1 0 0 1 1 0 1 0 1 0 0 
1 0 0 0 0 0 0 1 1 0 0 0 1 
0 1 0 0 0 1 1 0 0 2 0 0 1 
0 0 0 1 1 0 1 0 0 0 1 1 0 
1 1 1 0 1 1 0 1 1 0 1 0 0 
0 1 0 0 1 1 0 1 0 1 1 1 0 
0 1 0 1 1 1 0 1 1 3 0 1 1 
1 1 0 1 0 0 1 1 0 1 1 1 1 
1 0 1 0 0 1 1 1 1 0 0 0 1 
15 10
1 1 0 1 0 0 0 1 1 1 0 1 0 0 1 
0 1 0 1 0 1 1 1 0 2 0 1 1 1 0 
1 1 0 1 0 0 1 1 0 0 0 1 0 1 1 
0 0 0 0 1 1 1 0 0 0 0 0 1 1 1 
1 0 1 0 1 1 1 0 1 1 1 1 1 0 1 
1 0 1 0 1 0 1 0 0 1 0 1 0 1 1 
0 3 0 1 0 1 1 0 0 1 1 0 0 1 0 
1 1 0 0 0 1 0 1 0 0 1 1 1 1 0 
1 0 0 1 0 0 1 0 0 0 1 1 0 1 1 
0 1 0 0 0 1 0 0 1 1 0 0 1 0 1 
16 12
0 1 1 0 0 1 0 1 0 0 0 1 0 1 0 1 
0 0 1 1 0 1 0 0 0 0 0 1 1 1 1 1 
1 1 0 0 0 1 0 0 0 0 1 1 0 1 0 1 
1 0 1 1 0 0 0 0 1 0 1 1 1 1 0 0 
0 0 0 0 1 0 0 0 0 0 0 1 0 0 1 1 
1 0 0 3 1 0 1 1 0 1 0 1 1 1 1 0 
1 0 0 0 0 0 0 0 0 1 1 0 1 1 1 1 
0 1 1 0 1 0 0 1 1 0 0 1 1 1 0 2 
0 0 1 1 0 1 0 0 1 1 1 1 0 1 1 0 
0 1 0 0 1 0 0 0 1 1 0 1 1 1 1 1 
1 0 0 1 1 1 0 1 1 0 1 1 0 1 1 1 
1 0 0 0 1 0 0 0 1 0 0 0 1 0 0 0 
19 8
0 0 0 0 0 1 1 1 0 0 0 1 0 0 0 0 0 1 1 
1 0 0 0 1 0 0 0 0 0 1 0 1 0 1 1 0 1 1 
1 0 0 0 1 1 0 0 0 0 0 0 1 0 1 1 0 0 0 
1 0 0 0 1 0 1 0 0 1 1 1 1 1 1 1 0 0 1 
0 1 1 0 1 1 0 0 1 1 1 0 0 2 1 1 1 3 1 
1 0 1 0 0 1 1 1 0 1 1 1 0 0 0 0 0 0 0 
1 0 1 0 0 1 0 1 1 1 1 1 0 0 1 1 1 1 0 
0 0 0 1 1 0 0 0 0 0 0 1 1 1 0 0 0 1 0 
18 20
1 1 1 0 1 1 1 0 0 1 0 0 0 1 1 1 1 0 
1 1 0 3 1 1 0 0 1 1 1 1 1 1 1 1 0 1 
0 1 1 1 0 1 1 1 1 1 0 0 1 0 0 1 0 1 
1 1 1 0 1 0 0 1 0 0 1 0 1 0 0 1 1 0 
0 0 1 0 1 0 1 1 1 0 1 1 0 1 0 1 0 1 
1 1 0 1 0 1 0 0 0 1 1 1 1 1 1 1 1 1 
0 0 0 0 1 0 0 0 0 1 1 0 1 1 0 1 0 0 
0 0 1 0 0 1 1 1 0 0 1 1 0 1 0 1 0 1 
0 1 0 1 0 0 0 0 1 0 1 0 1 1 0 0 1 0 
0 0 1 1 0 1 1 0 0 1 0 1 0 0 0 0 0 0 
1 0 1 0 1 0 0 0 0 1 1 1 1 0 1 1 1 1 
2 1 0 0 0 1 0 0 0 1 0 0 1 1 0 0 0 0 
0 1 1 1 0 0 0 1 1 1 1 1 0 0 1 0 1 0 
1 1 1 1 1 1 0 0 0 0 0 0 0 1 0 0 0 1 
1 0 0 1 1 0 0 1 1 0 0 1 1 0 1 0 1 0 
1 1 0 0 0 1 0 1 0 1 0 0 0 1 1 0 1 1 
0 0 1 1 0 1 1 1 0 0 1 0 1 1 1 1 1 0 
1 1 0 0 1 0 0 0 0 0 1 0 1 1 0 1 0 0 
1 0 0 0 0 1 0 1 1 0 0 0 0 0 1 1 0 1 
0 0 0 1 1 1 1 1 1 1 1 1 1 1 1 1 1 1 
15 5
0 0 0 0 1 1 1 1 0 0 1 1 0 0 0 
1 1 1 0 1 1 0 0 2 3 1 1 0 1 0 
0 1 0 1 0 0 0 1 0 1 1 1 1 1 1 
0 1 1 1 0 0 1 0 0 1 0 0 0 1 0 
1 0 1 1 0 0 1 1 1 1 0 0 0 0 0 
10 11
0 1 1 1 0 0 1 1 0 1 
0 0 1 0 1 1 1 0 1 1 
0 0 0 0 0 0 1 1 1 0 
1 0 0 1 1 1 1 0 3 1 
0 1 1 0 0 1 0 1 0 0 
0 0 1 0 0 1 0 0 1 1 
0 1 1 0 0 1 1 0 1 0 
0 0 0 0 0 0 0 1 0 1 
0 0 0 1 0 0 0 0 2 1 
1 0 0 1 0 1 1 0 1 0 
1 1 1 1 1 1 0 1 1 0 
8 6
0 0 0 0 1 1 0 1 
1 0 0 1 1 0 0 0 
0 1 1 0 0 0 0 0 
0 0 0 1 1 0 0 1 
2 1 1 1 0 0 1 3 
1 0 0 0 1 0 1 1 
6 17
0 1 1 0 0 1 
0 3 1 1 0 1 
0 0 1 0 0 0 
0 1 1 0 0 1 
0 0 1 1 0 0 
0 1 1 0 1 0 
0 0 1 0 1 1 
0 0 0 0 1 0 
1 0 0 1 1 0 
1 0 0 1 1 1 
1 0 0 0 1 0 
0 2 0 1 1 1 
0 0 0 0 0 0 
1 0 1 1 1 1 
0 0 1 0 0 1 
1 1 0 0 1 0 
1 1 1 1 0 1 
3 18
0 1 0 
0 1 0 
0 0 0 
0 1 1 
0 1 0 
0 1 1 
0 0 0 
0 0 1 
1 1 0 
1 0 1 
1 1 2 
1 3 0 
1 0 1 
1 0 0 
1 1 1 
1 1 0 
0 1 1 
0 0 1 
8 4
1 1 2 0 1 1 0 0 
1 0 0 0 0 1 0 0 
1 0 1 0 1 1 0 1 
1 1 0 0 0 3 0 0 
20 1
1 1 1 1 1 0 1 0 1 0 1 3 2 1 1 0 0 0 0 0 
7 5
0 1 1 1 0 1 0 
1 0 0 0 0 0 3 
1 0 0 0 1 2 0 
1 0 1 0 0 1 1 
1 1 1 0 0 0 0 
14 7
0 0 0 1 1 0 0 1 0 0 1 0 1 1 
0 0 0 0 0 0 1 1 0 1 1 0 0 0 
0 1 0 0 1 0 1 1 1 1 0 1 0 1 
0 1 0 0 0 0 0 3 1 1 0 0 1 1 
0 1 1 0 0 1 0 0 0 0 1 1 0 0 
1 0 0 1 0 0 0 0 0 1 0 0 1 2 
0 1 1 1 0 0 1 0 0 1 1 1 0 0 
10 10
1 1 0 0 0 0 0 1 1 0 
0 0 1 1 0 0 0 1 0 1 
1 1 0 2 1 0 0 1 1 1 
0 1 1 0 0 0 1 1 1 1 
0 0 0 1 0 1 0 0 1 1 
1 1 1 0 1 0 3 1 1 0 
1 1 1 1 0 1 0 0 1 1 
0 1 0 0 1 1 1 0 0 1 
1 1 1 1 0 1 1 1 0 0 
1 0 0 1 1 1 0 0 1 1 
19 11
1 1 0 1 0 0 0 1 1 1 1 0 3 1 1 1 1 1 0 
0 0 1 1 0 1 0 0 0 0 0 1 0 1 1 1 0 0 0 
1 1 0 0 0 1 0 0 1 0 1 1 0 1 0 0 0 1 1 
0 1 0 1 0 1 0 0 0 1 1 1 0 1 1 0 0 0 1 
0 1 1 1 1 1 0 1 1 1 0 1 1 1 1 0 0 1 1 
0 1 0 1 0 0 0 1 0 1 1 1 1 0 0 1 0 0 1 
1 0 1 0 0 0 1 1 0 0 1 0 0 0 1 0 1 1 1 
1 1 1 0 1 0 0 0 0 0 0 1 0 0 0 1 1 0 0 
0 1 0 0 0 2 1 0 1 0 1 1 1 0 0 0 1 0 0 
1 1 0 1 0 1 1 1 0 1 1 1 0 0 0 0 1 1 1 
1 0 0 0 0 0 0 0 1 0 1 1 0 0 1 1 1 0 0 
19 10
1 0 1 1 1 0 1 1 1 0 1 1 0 0 1 0 0 1 1 
0 1 0 0 0 1 0 1 0 1 0 1 1 1 1 1 1 1 0 
0 0 0 0 1 0 0 1 0 0 0 0 0 0 0 0 0 1 1 
0 1 0 0 1 1 1 0 0 0 0 0 1 0 0 1 1 1 0 
1 0 3 0 0 1 0 0 0 1 0 1 0 0 1 1 1 1 0 
0 1 1 0 0 0 1 0 0 1 0 0 0 1 0 1 0 1 1 
0 0 0 0 1 0 0 0 0 1 0 1 1 1 0 0 0 0 0 
1 0 0 1 1 1 1 1 1 1 1 0 0 0 0 1 1 0 0 
1 0 1 1 0 0 1 1 0 0 1 0 1 1 1 1 1 1 0 
0 1 0 0 1 0 0 0 1 1 0 2 1 1 0 1 1 1 1 
3 17
1 1 0 
0 0 1 
1 1 1 
0 0 0 
1 3 1 
0 0 0 
1 1 1 
2 0 0 
0 1 1 
1 0 1 
1 0 0 
1 1 0 
1 0 0 
0 1 1 
0 1 0 
1 0 0 
1 1 1 
12 11
0 0 1 0 1 0 1 0 1 1 0 1 
1 1 1 0 1 0 1 1 0 1 0 0 
0 1 1 1 0 0 0 0 0 1 0 0 
0 1 1 1 1 1 0 1 0 0 1 0 
0 0 1 0 1 1 3 1 1 0 1 1 
0 0 0 0 0 0 0 0 1 0 0 0 
1 1 0 1 1 1 0 1 0 1 1 0 
0 0 0 1 0 0 1 0 1 0 0 0 
0 0 0 1 0 1 1 0 1 1 0 1 
1 0 0 1 1 0 1 1 1 1 0 1 
2 0 0 1 1 0 1 0 1 0 1 1 
12 20
1 0 1 0 1 1 1 0 1 0 1 0 
0 0 0 1 0 0 0 1 1 0 0 1 
1 0 1 0 0 0 1 0 0 1 1 1 
1 0 1 0 1 1 0 0 0 1 0 0 
1 0 0 1 0 1 1 1 0 0 0 1 
1 0 1 1 0 0 1 1 0 0 1 1 
1 0 0 0 0 1 1 1 0 0 0 1 
0 0 0 0 0 0 1 1 0 0 1 0 
0 0 1 1 1 0 0 0 1 0 1 0 
1 1 1 0 1 0 1 0 1 0 0 0 
0 0 1 1 0 1 0 0 1 1 0 0 
0 1 0 0 1 0 0 1 1 0 1 1 
1 1 1 1 1 0 1 0 1 1 1 0 
0 3 0 1 0 0 0 0 0 1 1 1 
0 1 1 1 0 0 1 0 0 1 1 0 
1 0 0 0 1 1 1 1 0 1 1 0 
1 0 1 0 0 1 1 1 0 0 0 1 
1 0 1 1 0 1 1 1 0 0 1 1 
0 0 1 0 0 1 1 0 0 0 0 0 
0 0 0 0 0 1 0 2 0 0 0 1 
19 7
1 1 0 0 1 0 0 1 0 1 0 1 0 1 0 0 0 1 1 
0 1 0 1 1 0 1 1 0 0 0 0 0 0 0 0 1 1 0 
0 0 0 1 1 0 0 1 1 1 0 0 1 0 1 0 1 0 0 
1 1 1 0 0 0 0 0 0 1 1 1 1 1 1 0 1 1 0 
1 1 1 0 1 1 0 0 0 0 0 1 0 1 0 0 1 0 0 
0 1 1 0 3 2 0 0 1 0 0 1 1 1 1 1 1 0 0 
1 1 0 0 1 1 1 1 1 1 0 0 0 0 1 0 0 1 0 
4 19
0 0 0 0 
0 1 0 0 
1 1 0 0 
0 1 1 3 
0 1 0 1 
0 1 0 1 
0 1 1 0 
1 0 1 0 
0 1 1 0 
1 1 1 1 
0 0 1 1 
1 0 0 1 
2 0 0 1 
0 0 0 1 
1 0 1 0 
1 1 1 0 
1 1 1 1 
1 0 0 0 
0 1 0 1 
3 19
0 2 0 
1 1 1 
1 1 1 
0 1 0 
0 0 0 
1 1 0 
1 1 0 
1 1 1 
0 1 0 
1 1 1 
0 0 0 
0 1 1 
0 3 0 
1 0 0 
0 0 0 
0 0 0 
0 0 0 
1 1 0 
0 1 1 
5 6
2 0 0 0 0 
1 0 1 1 1 
1 1 1 0 1 
0 1 0 1 3 
0 1 1 1 0 
1 0 1 0 1 
6 18
1 1 1 0 1 1 
0 0 1 1 0 0 
0 0 1 0 1 2 
0 0 1 0 1 1 
0 1 0 1 0 0 
0 0 1 0 0 1 
0 1 1 1 0 0 
0 1 1 1 1 0 
1 0 0 1 1 1 
1 0 0 0 1 1 
0 1 1 1 0 1 
1 1 1 0 0 1 
1 1 0 0 0 0 
0 1 1 0 1 3 
0 1 1 0 0 0 
1 1 1 1 1 1 
0 1 0 1 0 1 
0 1 1 0 1 0 
17 10
0 1 0 1 0 0 0 0 0 0 1 0 1 1 1 1 0 
1 0 1 1 1 0 0 0 0 1 0 1 1 0 1 0 1 
0 1 1 1 1 0 1 1 1 0 0 0 0 1 0 0 0 
1 1 1 0 0 0 1 0 0 0 1 0 1 1 0 1 0 
2 0 1 1 1 0 0 0 1 1 1 0 0 1 1 0 1 
1 1 0 0 0 0 0 1 1 1 0 1 0 0 0 0 1 
1 0 1 1 1 0 1 0 1 0 1 0 0 0 0 1 0 
0 1 0 1 0 1 0 0 1 1 1 0 1 1 1 0 0 
0 1 0 1 1 1 0 0 0 0 0 1 0 0 0 1 1 
1 1 1 0 0 1 0 0 0 1 0 1 0 1 1 0 3 
20 12
1 0 0 0 1 1 1 1 1 0 1 1 0 0 1 0 1 0 0 1 
1 0 1 0 0 0 1 0 0 0 0 0 1 0 0 0 1 0 0 0 
1 0 0 0 1 1 0 1 1 0 1 0 1 1 0 0 0 0 1 0 
1 1 0 0 0 0 0 1 1 1 0 1 0 0 0 0 0 0 0 1 
1 0 1 0 0 0 1 2 0 0 1 1 0 0 0 1 1 1 1 1 
1 0 1 0 0 1 0 1 0 0 1 1 1 0 0 1 1 1 0 0 
0 1 0 1 1 0 1 1 0 1 0 0 0 0 1 1 1 0 1 0 
0 0 1 1 0 0 1 0 0 0 1 0 0 0 0 0 0 0 1 1 
0 0 0 0 0 1 1 1 1 0 0 0 0 0 1 0 1 1 1 0 
0 0 1 1 1 0 1 1 0 1 0 1 0 1 0 1 0 1 1 1 
0 0 1 1 0 0 1 1 0 1 1 0 0 0 1 1 1 1 0 1 
0 0 1 1 0 1 0 0 0 0 0 0 1 1 0 0 0 1 1 3 
15 3
1 2 0 0 1 0 1 0 0 1 1 0 1 0 0 
0 0 0 0 1 1 0 1 1 0 0 1 1 0 1 
3 0 0 1 0 1 1 0 1 0 0 1 1 1 1 
17 1
1 0 2 1 1 0 0 0 0 1 1 3 1 0 1 0 1 
5 17
0 0 1 0 0 
0 1 1 0 0 
0 1 0 1 1 
1 1 0 1 0 
0 1 1 1 0 
1 0 1 1 1 
1 1 0 0 0 
1 0 0 0 1 
1 0 1 0 0 
0 0 0 1 0 
0 0 1 0 1 
1 1 0 1 0 
0 1 1 0 1 
0 1 1 0 0 
2 0 1 1 0 
1 0 1 0 0 
1 0 1 0 3 
20 3
0 0 0 1 1 0 1 1 0 0 1 0 0 0 0 1 0 0 0 1 
0 0 2 3 1 0 1 1 0 1 0 1 1 1 0 0 0 0 0 1 
0 1 0 0 1 1 1 0 0 1 1 1 0 1 0 0 1 0 1 1 
18 7
0 1 0 1 0 1 1 0 0 0 0 0 0 0 1 0 1 1 
0 1 0 1 0 0 0 0 1 1 1 0 1 0 1 1 0 1 
0 0 1 1 0 0 1 1 1 0 0 1 0 1 1 0 0 1 
1 0 1 0 0 1 0 0 1 0 1 0 0 0 1 1 0 1 
1 1 1 1 0 0 1 1 1 1 0 0 1 0 1 0 1 1 
1 0 1 0 0 1 1 0 0 0 3 0 0 0 1 0 1 0 
0 0 1 0 0 2 0 0 1 1 1 1 0 0 0 1 1 0 
7 19
0 0 1 1 0 1 0 
0 0 1 1 0 1 0 
1 1 0 1 1 0 0 
0 0 0 0 0 1 1 
0 1 0 1 0 0 1 
0 1 3 1 0 0 1 
0 0 1 0 0 0 1 
1 1 0 1 1 0 1 
1 0 1 1 1 1 1 
0 0 0 1 1 1 0 
0 0 1 1 0 1 0 
0 0 1 0 1 1 0 
2 0 1 0 1 1 1 
1 0 0 0 0 0 0 
0 1 1 0 1 0 0 
0 1 0 0 1 0 1 
1 0 0 1 0 0 0 
1 0 1 1 1 0 0 
0 0 1 0 0 1 0 
10 5
0 1 0 1 1 1 1 1 0 0 
0 0 0 3 1 0 0 0 0 0 
1 0 1 1 0 0 0 1 1 1 
1 1 0 1 1 0 2 1 0 0 
0 0 0 1 1 1 1 0 1 1 
17 18
1 0 0 0 0 1 0 1 0 1 0 1 1 1 0 0 1 
0 1 0 1 1 0 0 1 1 1 1 1 1 0 0 1 0 
0 0 1 0 0 1 1 0 1 0 0 0 0 0 1 1 1 
1 0 0 1 0 0 0 1 0 0 1 1 1 1 0 0 0 
0 1 0 0 1 0 1 1 0 1 1 0 1 1 0 0 0 
0 0 0 0 0 1 0 0 0 0 1 1 0 0 0 0 1 
1 1 1 1 1 1 0 0 0 1 1 2 1 1 1 0 1 
0 0 0 3 1 1 1 1 1 0 1 1 1 0 1 0 0 
0 1 0 0 0 1 0 1 0 0 1 1 0 0 1 0 0 
0 1 0 1 1 0 0 0 1 0 0 0 1 1 1 1 1 
0 0 0 1 1 0 0 1 0 0 0 1 0 1 1 1 1 
1 1 0 1 1 0 1 1 1 1 1 1 1 0 1 1 0 
0 0 0 1 0 0 0 0 0 0 0 1 1 1 0 0 1 
1 0 0 0 1 1 1 1 0 0 0 1 0 0 0 0 0 
1 1 0 0 0 1 1 1 0 1 0 0 1 0 0 1 0 
0 0 0 0 0 1 1 0 0 1 0 1 0 0 0 1 0 
0 1 0 0 0 1 1 0 1 1 1 0 0 0 1 1 0 
1 0 1 0 0 0 0 1 0 0 0 1 1 0 1 1 0 
7 16
1 0 0 0 1 0 0 
0 1 1 0 0 1 1 
0 0 0 1 0 0 1 
0 1 1 0 0 1 1 
0 1 0 0 1 0 1 
0 0 1 1 0 1 1 
0 0 1 1 0 1 1 
1 1 0 0 1 1 1 
1 1 1 1 0 0 0 
1 1 1 1 0 1 1 
1 1 0 1 1 0 0 
0 0 1 1 0 0 1 
0 1 0 3 1 1 1 
1 1 0 1 1 1 0 
0 0 1 0 2 1 1 
1 1 1 1 1 0 0 
20 11
0 1 0 1 1 0 1 1 1 0 1 0 0 1 1 0 0 0 1 1 
1 1 0 1 0 1 1 0 0 1 0 0 1 0 0 0 1 0 0 1 
1 1 0 1 0 0 0 1 1 0 0 3 1 1 0 1 0 1 1 1 
1 1 1 0 0 1 1 0 0 1 1 0 1 1 1 1 1 1 0 0 
1 1 1 1 0 1 1 0 1 1 1 0 0 1 0 0 1 0 0 0 
0 0 0 1 1 0 1 0 1 0 1 1 0 0 1 1 0 0 0 0 
0 0 0 1 1 0 1 0 1 0 0 0 1 1 1 1 0 0 1 0 
1 0 0 1 1 0 0 2 1 0 0 0 0 0 0 1 1 1 1 1 
1 1 0 1 1 0 0 0 0 1 1 1 1 1 1 0 1 1 0 0 
0 1 1 0 0 1 0 0 0 1 0 1 1 1 1 1 0 0 0 0 
1 1 0 0 0 0 0 1 1 1 1 1 1 0 0 0 1 1 0 0 
19 20
0 0 1 0 0 1 1 0 0 1 1 1 1 0 0 0 0 1 0 
0 1 1 1 1 1 2 1 1 1 0 0 0 1 0 1 1 0 1 
1 1 1 1 1 0 1 0 0 0 0 0 1 0 0 0 0 1 1 
1 0 1 1 0 0 1 0 1 0 1 0 1 1 1 0 1 1 1 
0 1 0 0 0 0 0 1 0 1 0 0 0 1 1 1 1 1 0 
0 1 0 1 0 1 1 0 0 1 1 0 0 1 1 1 1 1 1 
0 1 0 0 0 1 0 1 1 0 1 0 1 1 1 0 1 1 1 
1 0 0 0 1 0 1 0 1 1 0 1 3 1 0 0 1 0 1 
1 0 0 1 0 0 0 1 0 1 0 1 0 0 0 0 0 1 1 
0 0 0 1 0 1 1 0 1 0 1 0 1 0 1 1 1 1 0 
1 1 0 0 0 1 1 0 1 0 1 1 1 1 1 1 0 0 1 
0 1 1 0 1 1 1 1 0 0 1 1 0 0 0 1 0 0 0 
1 1 1 0 1 1 0 0 0 1 1 0 0 1 1 1 1 0 0 
0 0 0 0 0 0 1 0 0 1 0 1 0 1 0 0 0 0 0 
1 0 1 0 0 1 0 1 1 1 0 0 1 0 0 1 1 1 0 
0 1 1 0 1 0 0 0 0 1 0 1 0 1 0 1 1 1 1 
1 0 1 1 1 1 1 1 0 0 1 1 0 1 0 0 0 1 0 
0 1 0 0 1 1 0 0 0 1 0 0 1 0 1 0 1 1 1 
0 0 0 0 0 0 0 1 0 1 0 0 0 1 1 1 1 0 1 
0 0 0 1 1 0 1 1 0 1 1 0 0 0 0 0 0 1 0 
17 20
1 0 0 0 1 1 0 0 1 0 0 0 1 0 0 0 0 
0 0 0 1 1 0 0 0 1 2 0 0 0 0 0 1 0 
0 1 1 0 1 0 0 1 1 0 1 1 1 1 1 0 1 
1 0 1 1 0 0 0 1 0 0 1 0 0 1 0 1 1 
0 1 1 1 1 0 0 0 1 0 1 0 1 1 0 0 0 
0 1 0 1 1 0 0 0 1 0 1 1 0 0 1 1 0 
1 1 0 0 1 0 1 0 0 0 0 1 0 0 0 0 1 
1 1 0 0 1 0 1 0 1 0 1 1 0 0 0 1 1 
1 1 1 0 0 1 1 1 0 1 1 1 1 0 1 1 1 
0 0 1 0 0 0 1 1 0 1 1 1 1 1 0 1 1 
0 1 0 0 0 1 0 0 1 1 0 1 1 1 0 0 0 
0 1 0 0 1 1 1 1 1 0 1 0 1 1 0 0 0 
1 1 0 0 0 0 0 1 0 1 0 1 1 1 1 0 0 
0 0 0 1 0 1 0 1 0 0 1 1 1 1 1 1 0 
0 1 0 0 0 0 0 0 1 0 0 1 1 0 0 1 1 
1 1 0 1 3 1 0 1 0 1 1 1 0 1 0 0 0 
1 0 0 0 1 1 1 0 1 1 0 0 0 0 0 0 0 
0 0 1 1 1 0 1 1 0 1 1 1 0 1 1 1 1 
1 1 0 1 1 1 1 1 1 1 0 0 0 1 0 0 1 
0 1 1 1 0 0 0 0 1 0 1 0 1 1 1 0 1 
10 13
0 1 1 1 0 0 0 1 0 1 
0 0 0 1 0 0 0 1 0 1 
1 1 1 1 1 3 1 1 0 0 
0 0 0 1 0 1 0 0 1 2 
0 1 0 0 0 1 0 1 0 0 
1 0 0 0 0 0 0 0 0 0 
0 1 0 1 1 0 1 0 0 1 
1 1 0 0 1 0 1 0 1 0 
0 0 1 0 0 1 1 0 0 0 
1 1 1 0 0 1 1 1 1 0 
1 0 1 0 1 1 1 0 1 0 
1 1 1 1 1 1 0 1 1 0 
1 1 1 0 0 0 0 0 0 0 
12 19
1 0 0 0 1 1 0 1 1 1 0 1 
0 1 1 0 0 0 0 1 1 1 1 1 
1 1 0 0 0 1 0 0 1 1 1 1 
1 1 1 0 0 0 0 0 0 1 1 1 
0 0 0 0 1 0 0 1 0 0 1 1 
0 0 0 0 1 1 0 2 0 0 0 0 
1 1 0 0 1 0 1 1 0 1 0 1 
0 1 1 1 1 0 1 0 1 0 1 0 
1 0 0 0 1 1 1 0 1 0 0 0 
1 0 1 0 0 0 1 0 0 1 1 0 
0 1 1 1 1 1 1 0 0 0 1 1 
1 1 1 0 0 0 0 1 0 0 0 1 
0 1 0 3 0 1 1 1 0 0 0 1 
0 0 1 0 0 1 1 1 1 0 0 0 
1 0 1 0 0 0 0 1 1 1 1 0 
1 1 0 1 1 0 0 1 1 0 0 0 
1 0 0 0 0 0 1 1 0 1 0 1 
0 1 0 1 1 0 0 1 1 1 1 1 
1 1 0 0 1 1 1 0 1 1 0 0 
17 9
1 1 1 1 1 0 1 0 1 1 0 0 0 1 0 0 0 
1 0 0 0 0 0 1 0 0 1 1 0 0 1 1 0 0 
0 1 1 1 1 0 1 0 1 1 1 0 1 0 0 0 0 
1 1 1 0 1 0 1 0 1 0 0 0 0 1 1 0 1 
0 0 0 1 1 1 0 0 0 0 0 1 0 1 0 1 0 
0 1 1 1 0 1 0 1 0 1 0 1 1 1 1 1 0 
1 1 1 0 1 0 1 1 1 0 1 1 0 1 0 1 0 
1 0 1 1 0 0 0 1 1 0 0 0 0 1 1 0 0 
0 0 3 0 2 0 1 0 1 1 0 1 0 1 0 1 0 
3 5
0 0 0 
1 0 2 
0 0 1 
3 1 1 
0 0 1 
7 2
1 0 0 0 2 1 1 
0 1 1 3 0 1 0 
7 18
0 0 0 1 1 0 1 
0 0 1 1 1 0 0 
1 1 1 1 1 1 0 
0 1 1 0 1 0 0 
1 0 0 1 0 0 0 
0 0 1 1 1 1 1 
0 1 0 0 0 1 0 
0 0 0 0 1 0 1 
1 1 0 0 0 0 0 
1 1 0 0 1 0 1 
1 1 1 1 0 0 0 
0 0 0 1 1 3 1 
0 1 0 0 1 0 1 
1 2 1 0 0 1 1 
1 1 1 1 1 0 1 
0 0 0 0 1 1 0 
1 1 1 0 1 1 1 
0 0 0 0 0 0 0 
10 3
0 0 0 1 1 3 1 2 1 1 
0 0 0 0 0 0 1 0 0 0 
1 1 0 0 0 1 1 1 1 1 
5 5
0 0 1 1 1 
1 0 1 0 0 
1 0 0 1 0 
1 0 2 0 1 
3 1 0 0 0 
4 12
0 1 0 0 
0 1 1 0 
1 1 0 0 
0 0 0 1 
1 0 1 1 
0 1 0 0 
1 1 1 1 
0 1 1 1 
3 0 1 0 
1 1 0 0 
2 0 1 1 
0 1 1 0 
2 18
0 0 
0 1 
1 0 
0 1 
0 0 
0 1 
1 1 
0 1 
2 0 
1 0 
1 0 
3 0 
1 0 
1 0 
0 0 
1 0 
1 0 
1 1 
20 2
0 0 0 0 0 1 0 0 0 0 0 1 0 1 3 2 1 0 0 1 
0 0 1 0 1 1 1 1 0 1 0 0 0 1 1 0 1 1 1 1 
19 13
0 1 1 1 1 0 1 0 1 1 1 0 0 0 1 0 0 0 1 
0 1 1 0 0 1 1 0 0 1 0 1 1 0 1 0 0 0 1 
1 1 0 0 0 0 0 0 0 0 0 1 1 1 0 0 1 0 1 
1 1 0 0 1 0 1 1 1 1 0 1 0 0 0 0 1 1 1 
1 1 1 0 1 0 1 0 1 1 0 0 0 1 1 0 0 0 0 
1 1 0 0 0 1 1 0 1 1 1 0 0 0 1 1 0 0 0 
1 0 0 1 0 1 0 1 0 0 1 0 0 0 1 0 0 1 0 
1 1 0 1 1 0 1 1 0 0 1 1 0 0 1 1 1 0 1 
0 0 0 1 0 1 1 0 1 0 0 0 1 0 1 1 0 0 1 
0 1 0 0 1 1 0 0 1 0 1 0 1 1 1 1 1 0 1 
0 0 0 0 0 0 0 1 1 0 1 0 0 1 0 0 0 0 0 
0 0 1 0 0 1 0 3 0 0 1 0 0 1 1 0 1 1 0 
0 1 0 1 1 0 1 1 0 1 1 1 1 0 1 0 0 1 2 
14 17
1 0 1 1 1 1 1 1 1 0 0 0 1 0 
0 0 0 0 1 0 0 0 1 0 1 0 1 2 
0 0 1 1 0 1 0 0 0 1 1 1 1 0 
1 0 0 0 0 0 0 1 0 1 1 1 0 0 
0 0 0 1 1 1 1 0 1 1 0 1 0 1 
0 1 1 1 1 1 1 1 0 0 1 0 1 1 
0 0 1 1 0 0 1 1 0 1 0 1 1 1 
0 1 0 1 0 0 1 1 0 0 1 0 0 1 
1 1 1 1 0 0 0 0 1 1 0 1 0 0 
0 0 1 0 0 0 1 1 1 0 0 1 1 1 
1 0 0 0 1 1 1 1 0 1 1 1 1 1 
1 0 1 0 0 0 0 1 1 1 1 0 1 1 
1 1 0 0 1 0 0 1 0 1 0 1 0 1 
0 1 1 0 1 1 1 0 0 0 0 1 0 0 
1 0 0 3 1 0 0 0 1 1 0 0 0 0 
0 0 1 1 1 1 0 0 0 0 1 0 1 0 
0 1 0 0 1 1 1 1 0 1 0 1 1 1 
16 13
1 0 1 1 0 1 0 1 1 1 1 0 1 1 2 1 
0 1 1 1 1 0 1 0 1 1 1 1 0 1 0 0 
0 3 1 0 0 1 1 0 0 0 0 1 0 1 1 0 
0 1 0 1 1 0 1 1 0 0 0 0 1 0 0 1 
1 0 0 1 0 1 1 0 0 0 1 1 1 0 0 1 
0 1 0 0 1 1 0 1 0 1 1 0 0 1 0 0 
1 1 1 0 0 0 1 0 1 0 0 1 1 1 1 0 
1 1 1 0 0 0 1 0 0 0 1 0 0 0 1 1 
1 1 1 1 0 0 0 1 0 0 1 1 1 1 0 0 
1 1 0 1 1 0 1 0 0 0 0 1 1 1 0 1 
1 1 1 1 1 1 0 0 0 0 0 1 0 0 1 1 
1 1 1 0 0 0 1 0 1 0 0 1 0 0 1 1 
0 0 1 0 1 1 1 1 1 1 0 1 0 1 0 0 
18 3
1 0 0 0 0 2 0 0 1 1 0 0 1 1 1 1 1 1 
1 1 0 1 0 0 1 1 0 1 1 0 1 0 1 1 1 0 
1 0 1 1 1 0 3 1 0 0 1 0 1 0 1 0 1 1 
6 10
1 1 0 1 0 1 
1 0 0 1 0 1 
1 1 1 1 1 0 
0 0 1 0 0 1 
1 1 3 1 1 1 
0 0 0 0 1 0 
1 0 0 0 1 0 
1 1 2 0 0 0 
1 1 1 1 0 1 
0 0 1 0 0 0 
9 13
0 1 0 0 0 1 1 1 3 
1 1 1 0 1 0 1 0 0 
1 1 0 1 0 0 0 0 0 
1 0 0 0 0 1 0 0 1 
0 1 1 1 1 0 0 1 0 
0 0 1 0 0 1 0 0 1 
1 1 0 1 1 0 1 1 0 
1 1 0 0 0 0 0 1 1 
0 1 1 0 1 1 0 1 1 
1 1 0 1 0 1 0 1 0 
2 1 1 0 0 1 1 0 0 
0 1 1 0 0 0 0 1 0 
0 1 0 1 1 0 1 0 1 
3 4
0 0 0 
1 3 0 
0 2 0 
1 0 0 
4 6
1 1 1 1 
0 0 1 0 
1 0 1 3 
0 1 0 0 
0 1 1 0 
0 0 2 0 
10 4
3 0 1 0 2 0 0 1 1 0 
0 0 0 1 0 1 1 1 1 1 
0 1 1 0 0 1 1 1 0 1 
1 0 0 0 0 1 1 0 0 1 
19 9
0 0 0 1 0 0 0 1 0 0 0 0 0 0 0 0 1 1 1 
0 0 0 0 1 1 0 1 0 1 1 0 0 0 0 1 1 1 1 
0 1 0 1 0 0 1 0 0 1 0 0 1 1 1 0 1 1 1 
0 0 0 0 0 0 1 0 0 0 0 1 1 1 1 1 0 0 1 
1 0 1 0 1 1 0 0 1 1 0 0 1 1 0 1 1 0 1 
1 0 0 1 0 0 2 0 1 0 0 0 0 0 0 1 0 0 1 
0 1 0 0 1 1 1 1 1 1 0 1 0 1 0 1 0 0 0 
3 1 1 0 1 0 1 0 1 1 0 1 1 1 0 1 1 1 1 
1 1 0 1 1 1 0 1 0 0 0 0 1 1 0 0 0 0 0 
10 3
0 0 0 0 1 0 0 1 1 2 
3 0 1 1 1 0 1 1 1 1 
1 0 0 0 0 1 1 0 0 1 
11 1
1 1 1 2 0 0 1 3 0 0 0 
0 0
